2023-Nov-20 12:48:34 [INFO] Number of Images: 650
2023-Nov-20 12:48:34 [INFO] Run Number: 1
2023-Nov-20 12:48:34 [INFO] Feature Detector: SIFT
2023-Nov-20 12:48:34 [INFO] Trajectory Shape: (3, 650)
2023-Nov-20 12:48:34 [INFO] Detecting Matches Between Frame 1 and Frame 2
2023-Nov-20 12:48:34 [INFO] ----------------------------------------------------------------------------------

2023-Nov-20 12:48:34 [INFO] Number of Good Matches with Frame 2: 16

2023-Nov-20 12:48:34 [INFO] Rotation Matrix Shape (3, 3)

2023-Nov-20 12:48:34 [INFO] Rotation Matrix 
 [[ 9.99929970e-01 -1.18340151e-02 -1.01000280e-04]
 [ 1.18340360e-02  9.99929954e-01  2.08641659e-04]
 [ 9.85241366e-05 -2.09822288e-04  9.99999973e-01]] 

2023-Nov-20 12:48:34 [INFO] Translation Matrix Shape (3, 1)

2023-Nov-20 12:48:34 [INFO] Translation Matrix 
 [[-0.85510506]
 [-0.51842169]
 [-0.00585532]]

2023-Nov-20 12:48:34 [INFO] ----------------------------------------------------------------------------------

2023-Nov-20 12:48:34 [INFO] Detecting Matches Between Frame 2 and Frame 3
2023-Nov-20 12:48:34 [INFO] ----------------------------------------------------------------------------------

2023-Nov-20 12:48:34 [INFO] Number of Good Matches with Frame 3: 22

2023-Nov-20 12:48:34 [INFO] Rotation Matrix Shape (3, 3)

2023-Nov-20 12:48:34 [INFO] Rotation Matrix 
 [[ 9.99988241e-01 -4.84856033e-03 -9.76264253e-05]
 [ 4.84860197e-03  9.99988153e-01  4.30936068e-04]
 [ 9.55358492e-05 -4.31404353e-04  9.99999902e-01]] 

2023-Nov-20 12:48:34 [INFO] Translation Matrix Shape (3, 1)

2023-Nov-20 12:48:34 [INFO] Translation Matrix 
 [[0.08377255]
 [0.99639265]
 [0.01355906]]

2023-Nov-20 12:48:34 [INFO] ----------------------------------------------------------------------------------

2023-Nov-20 12:48:34 [INFO] Detecting Matches Between Frame 3 and Frame 4
2023-Nov-20 12:48:35 [INFO] ----------------------------------------------------------------------------------

2023-Nov-20 12:48:35 [INFO] Number of Good Matches with Frame 4: 16

2023-Nov-20 12:48:35 [INFO] Rotation Matrix Shape (3, 3)

2023-Nov-20 12:48:35 [INFO] Rotation Matrix 
 [[ 9.99967331e-01 -8.08113017e-03 -1.77444572e-04]
 [ 8.08118983e-03  9.99967290e-01  3.38080617e-04]
 [ 1.74706694e-04 -3.39503535e-04  9.99999927e-01]] 

2023-Nov-20 12:48:35 [INFO] Translation Matrix Shape (3, 1)

2023-Nov-20 12:48:35 [INFO] Translation Matrix 
 [[-0.9631557 ]
 [-0.26888561]
 [-0.00562303]]

2023-Nov-20 12:48:35 [INFO] ----------------------------------------------------------------------------------

2023-Nov-20 12:48:35 [INFO] Detecting Matches Between Frame 4 and Frame 5
2023-Nov-20 12:48:35 [INFO] ----------------------------------------------------------------------------------

2023-Nov-20 12:48:35 [INFO] Number of Good Matches with Frame 5: 23

2023-Nov-20 12:48:35 [INFO] Rotation Matrix Shape (3, 3)

2023-Nov-20 12:48:35 [INFO] Rotation Matrix 
 [[ 9.99918501e-01 -1.27662352e-02 -1.23727661e-04]
 [ 1.27662638e-02  9.99918481e-01  2.32983023e-04]
 [ 1.20743259e-04 -2.34543575e-04  9.99999965e-01]] 

2023-Nov-20 12:48:35 [INFO] Translation Matrix Shape (3, 1)

2023-Nov-20 12:48:35 [INFO] Translation Matrix 
 [[-0.86243539]
 [-0.50612755]
 [-0.00633234]]

2023-Nov-20 12:48:35 [INFO] ----------------------------------------------------------------------------------

2023-Nov-20 12:48:35 [INFO] Detecting Matches Between Frame 5 and Frame 6
2023-Nov-20 12:48:35 [INFO] ----------------------------------------------------------------------------------

2023-Nov-20 12:48:35 [INFO] Number of Good Matches with Frame 6: 30

2023-Nov-20 12:48:35 [INFO] Rotation Matrix Shape (3, 3)

2023-Nov-20 12:48:35 [INFO] Rotation Matrix 
 [[ 9.99601988e-01 -2.82097973e-02 -2.68368133e-04]
 [ 2.82098176e-02  9.99602021e-01  7.21774629e-05]
 [ 2.66225217e-04 -7.97193515e-05  9.99999961e-01]] 

2023-Nov-20 12:48:35 [INFO] Translation Matrix Shape (3, 1)

2023-Nov-20 12:48:35 [INFO] Translation Matrix 
 [[-0.13557412]
 [-0.9906972 ]
 [-0.01177812]]

2023-Nov-20 12:48:35 [INFO] ----------------------------------------------------------------------------------

2023-Nov-20 12:48:35 [INFO] Detecting Matches Between Frame 6 and Frame 7
2023-Nov-20 12:48:35 [INFO] ----------------------------------------------------------------------------------

2023-Nov-20 12:48:35 [INFO] Number of Good Matches with Frame 7: 19

2023-Nov-20 12:48:35 [INFO] Rotation Matrix Shape (3, 3)

2023-Nov-20 12:48:35 [INFO] Rotation Matrix 
 [[ 9.99923064e-01 -1.24040549e-02 -7.32955730e-05]
 [ 1.24040625e-02  9.99923061e-01  1.02908409e-04]
 [ 7.20134522e-05 -1.03809654e-04  9.99999992e-01]] 

2023-Nov-20 12:48:35 [INFO] Translation Matrix Shape (3, 1)

2023-Nov-20 12:48:35 [INFO] Translation Matrix 
 [[-0.85123212]
 [-0.52475755]
 [-0.00577908]]

2023-Nov-20 12:48:35 [INFO] ----------------------------------------------------------------------------------

2023-Nov-20 12:48:35 [INFO] Detecting Matches Between Frame 7 and Frame 8
2023-Nov-20 12:48:36 [INFO] ----------------------------------------------------------------------------------

2023-Nov-20 12:48:36 [INFO] Number of Good Matches with Frame 8: 17

2023-Nov-20 12:48:36 [INFO] Rotation Matrix Shape (3, 3)

2023-Nov-20 12:48:36 [INFO] Rotation Matrix 
 [[ 9.99931376e-01 -1.17150077e-02 -3.24665592e-05]
 [ 1.17150097e-02  9.99931375e-01  6.13780646e-05]
 [ 3.17452866e-05 -6.17541987e-05  9.99999998e-01]] 

2023-Nov-20 12:48:36 [INFO] Translation Matrix Shape (3, 1)

2023-Nov-20 12:48:36 [INFO] Translation Matrix 
 [[-0.69885622]
 [-0.71523416]
 [-0.00633087]]

2023-Nov-20 12:48:36 [INFO] ----------------------------------------------------------------------------------

2023-Nov-20 12:48:36 [INFO] Detecting Matches Between Frame 8 and Frame 9
2023-Nov-20 12:48:36 [INFO] ----------------------------------------------------------------------------------

2023-Nov-20 12:48:36 [INFO] Number of Good Matches with Frame 9: 25

2023-Nov-20 12:48:36 [INFO] Rotation Matrix Shape (3, 3)

2023-Nov-20 12:48:36 [INFO] Rotation Matrix 
 [[ 9.99998636e-01 -1.65116339e-03 -2.73206324e-05]
 [ 1.65117062e-03  9.99998601e-01  2.66720852e-04]
 [ 2.68801944e-05 -2.66765599e-04  9.99999964e-01]] 

2023-Nov-20 12:48:36 [INFO] Translation Matrix Shape (3, 1)

2023-Nov-20 12:48:36 [INFO] Translation Matrix 
 [[0.47378511]
 [0.88058611]
 [0.00978624]]

2023-Nov-20 12:48:36 [INFO] ----------------------------------------------------------------------------------

2023-Nov-20 12:48:36 [INFO] Detecting Matches Between Frame 9 and Frame 10
2023-Nov-20 12:48:36 [INFO] ----------------------------------------------------------------------------------

2023-Nov-20 12:48:36 [INFO] Number of Good Matches with Frame 10: 17

2023-Nov-20 12:48:36 [INFO] Rotation Matrix Shape (3, 3)

2023-Nov-20 12:48:36 [INFO] Rotation Matrix 
 [[ 9.99941778e-01 -1.07902328e-02 -1.09777984e-04]
 [ 1.07902601e-02  9.99941752e-01  2.51139216e-04]
 [ 1.07061739e-04 -2.52309127e-04  9.99999962e-01]] 

2023-Nov-20 12:48:36 [INFO] Translation Matrix Shape (3, 1)

2023-Nov-20 12:48:36 [INFO] Translation Matrix 
 [[-0.89180888]
 [-0.45238235]
 [-0.00520817]]

2023-Nov-20 12:48:36 [INFO] ----------------------------------------------------------------------------------

2023-Nov-20 12:48:36 [INFO] Detecting Matches Between Frame 10 and Frame 11
2023-Nov-20 12:48:36 [INFO] ----------------------------------------------------------------------------------

2023-Nov-20 12:48:36 [INFO] Number of Good Matches with Frame 11: 22

2023-Nov-20 12:48:36 [INFO] Rotation Matrix Shape (3, 3)

2023-Nov-20 12:48:36 [INFO] Rotation Matrix 
 [[ 9.99992745e-01  3.80686937e-03 -1.31540611e-04]
 [-3.80678596e-03  9.99992557e-01  6.28695776e-04]
 [ 1.33932995e-04 -6.28190468e-04  9.99999794e-01]] 

2023-Nov-20 12:48:36 [INFO] Translation Matrix Shape (3, 1)

2023-Nov-20 12:48:36 [INFO] Translation Matrix 
 [[0.61821606]
 [0.78595694]
 [0.00897742]]

2023-Nov-20 12:48:36 [INFO] ----------------------------------------------------------------------------------

2023-Nov-20 12:48:36 [INFO] Detecting Matches Between Frame 11 and Frame 12
2023-Nov-20 12:48:37 [INFO] ----------------------------------------------------------------------------------

2023-Nov-20 12:48:37 [INFO] Number of Good Matches with Frame 12: 30

2023-Nov-20 12:48:37 [INFO] Rotation Matrix Shape (3, 3)

2023-Nov-20 12:48:37 [INFO] Rotation Matrix 
 [[ 9.99492399e-01 -3.18562210e-02 -3.55475636e-04]
 [ 3.18562008e-02  9.99492461e-01 -6.21445576e-05]
 [ 3.57274909e-04  5.07889097e-05  9.99999935e-01]] 

2023-Nov-20 12:48:37 [INFO] Translation Matrix Shape (3, 1)

2023-Nov-20 12:48:37 [INFO] Translation Matrix 
 [[-0.43583495]
 [-0.89994082]
 [-0.01242648]]

2023-Nov-20 12:48:37 [INFO] ----------------------------------------------------------------------------------

2023-Nov-20 12:48:37 [INFO] Detecting Matches Between Frame 12 and Frame 13
2023-Nov-20 12:48:37 [INFO] ----------------------------------------------------------------------------------

2023-Nov-20 12:48:37 [INFO] Number of Good Matches with Frame 13: 40

2023-Nov-20 12:48:37 [INFO] Rotation Matrix Shape (3, 3)

2023-Nov-20 12:48:37 [INFO] Rotation Matrix 
 [[ 9.93669081e-01 -1.12340445e-01 -1.17563622e-03]
 [ 1.12340397e-01  9.93669776e-01 -1.06774587e-04]
 [ 1.18018928e-03 -2.59728340e-05  9.99999303e-01]] 

2023-Nov-20 12:48:37 [INFO] Translation Matrix Shape (3, 1)

2023-Nov-20 12:48:37 [INFO] Translation Matrix 
 [[ 0.23802397]
 [-0.97119699]
 [-0.01099987]]

2023-Nov-20 12:48:37 [INFO] ----------------------------------------------------------------------------------

2023-Nov-20 12:48:37 [INFO] Detecting Matches Between Frame 13 and Frame 14
2023-Nov-20 12:48:37 [INFO] ----------------------------------------------------------------------------------

2023-Nov-20 12:48:37 [INFO] Number of Good Matches with Frame 14: 36

2023-Nov-20 12:48:37 [INFO] Rotation Matrix Shape (3, 3)

2023-Nov-20 12:48:37 [INFO] Rotation Matrix 
 [[ 9.99834994e-01 -1.81648959e-02 -1.45883537e-04]
 [ 1.81649103e-02  9.99835000e-01  9.76427413e-05]
 [ 1.44085796e-04 -1.00276591e-04  9.99999985e-01]] 

2023-Nov-20 12:48:37 [INFO] Translation Matrix Shape (3, 1)

2023-Nov-20 12:48:37 [INFO] Translation Matrix 
 [[-0.7025102 ]
 [-0.71164202]
 [-0.00671207]]

2023-Nov-20 12:48:37 [INFO] ----------------------------------------------------------------------------------

2023-Nov-20 12:48:37 [INFO] Detecting Matches Between Frame 14 and Frame 15
2023-Nov-20 12:48:37 [INFO] ----------------------------------------------------------------------------------

2023-Nov-20 12:48:37 [INFO] Number of Good Matches with Frame 15: 34

2023-Nov-20 12:48:37 [INFO] Rotation Matrix Shape (3, 3)

2023-Nov-20 12:48:37 [INFO] Rotation Matrix 
 [[ 9.99888812e-01 -1.49077610e-02 -3.49787253e-04]
 [ 1.49079585e-02  9.99888708e-01  5.68973224e-04]
 [ 3.41266208e-04 -5.74124575e-04  9.99999777e-01]] 

2023-Nov-20 12:48:37 [INFO] Translation Matrix Shape (3, 1)

2023-Nov-20 12:48:37 [INFO] Translation Matrix 
 [[0.36808035]
 [0.92963157]
 [0.01737804]]

2023-Nov-20 12:48:37 [INFO] ----------------------------------------------------------------------------------

2023-Nov-20 12:48:37 [INFO] Detecting Matches Between Frame 15 and Frame 16
2023-Nov-20 12:48:38 [INFO] ----------------------------------------------------------------------------------

2023-Nov-20 12:48:38 [INFO] Number of Good Matches with Frame 16: 30

2023-Nov-20 12:48:38 [INFO] Rotation Matrix Shape (3, 3)

2023-Nov-20 12:48:38 [INFO] Rotation Matrix 
 [[ 0.95754895 -0.28094116  0.06459156]
 [-0.28035842 -0.85545205  0.4354319 ]
 [-0.06707576 -0.43505615 -0.89790144]] 

2023-Nov-20 12:48:38 [INFO] Translation Matrix Shape (3, 1)

2023-Nov-20 12:48:38 [INFO] Translation Matrix 
 [[0.11694608]
 [0.96597453]
 [0.23068772]]

2023-Nov-20 12:48:38 [INFO] ----------------------------------------------------------------------------------

2023-Nov-20 12:48:38 [INFO] Detecting Matches Between Frame 16 and Frame 17
2023-Nov-20 12:48:38 [INFO] ----------------------------------------------------------------------------------

2023-Nov-20 12:48:38 [INFO] Number of Good Matches with Frame 17: 11

2023-Nov-20 12:48:38 [INFO] Rotation Matrix Shape (3, 3)

2023-Nov-20 12:48:38 [INFO] Rotation Matrix 
 [[ 0.35188028 -0.93591637  0.01551824]
 [-0.93568369 -0.35123551  0.03361024]
 [-0.02600582 -0.02634694 -0.99931453]] 

2023-Nov-20 12:48:38 [INFO] Translation Matrix Shape (3, 1)

2023-Nov-20 12:48:38 [INFO] Translation Matrix 
 [[0.53859107]
 [0.84218469]
 [0.02538898]]

2023-Nov-20 12:48:38 [INFO] ----------------------------------------------------------------------------------

2023-Nov-20 12:48:38 [INFO] Detecting Matches Between Frame 17 and Frame 18
2023-Nov-20 12:48:38 [WARNING] Number of matches is less than 6, cannot compute Essential Matrix.

2023-Nov-20 12:48:38 [INFO] Detecting Matches Between Frame 18 and Frame 19
2023-Nov-20 12:48:38 [WARNING] Number of matches is less than 6, cannot compute Essential Matrix.

2023-Nov-20 12:48:38 [INFO] Detecting Matches Between Frame 19 and Frame 20
2023-Nov-20 12:48:39 [WARNING] Number of matches is less than 6, cannot compute Essential Matrix.

2023-Nov-20 12:48:39 [INFO] Detecting Matches Between Frame 20 and Frame 21
2023-Nov-20 12:48:39 [WARNING] Number of matches is less than 6, cannot compute Essential Matrix.

2023-Nov-20 12:48:39 [INFO] Detecting Matches Between Frame 21 and Frame 22
2023-Nov-20 12:48:39 [WARNING] Number of matches is less than 6, cannot compute Essential Matrix.

2023-Nov-20 12:48:39 [INFO] Detecting Matches Between Frame 22 and Frame 23
2023-Nov-20 12:48:39 [WARNING] Number of matches is less than 6, cannot compute Essential Matrix.

2023-Nov-20 12:48:39 [INFO] Detecting Matches Between Frame 23 and Frame 24
2023-Nov-20 12:48:39 [WARNING] Number of matches is less than 6, cannot compute Essential Matrix.

2023-Nov-20 12:48:39 [INFO] Detecting Matches Between Frame 24 and Frame 25
2023-Nov-20 12:48:40 [WARNING] Number of matches is less than 6, cannot compute Essential Matrix.

2023-Nov-20 12:48:40 [INFO] Detecting Matches Between Frame 25 and Frame 26
2023-Nov-20 12:48:40 [WARNING] Number of matches is less than 6, cannot compute Essential Matrix.

2023-Nov-20 12:48:40 [INFO] Detecting Matches Between Frame 26 and Frame 27
2023-Nov-20 12:48:40 [WARNING] Number of matches is less than 6, cannot compute Essential Matrix.

2023-Nov-20 12:48:40 [INFO] Detecting Matches Between Frame 27 and Frame 28
2023-Nov-20 12:48:40 [WARNING] Number of matches is less than 6, cannot compute Essential Matrix.

2023-Nov-20 12:48:40 [INFO] Detecting Matches Between Frame 28 and Frame 29
2023-Nov-20 12:48:41 [WARNING] Number of matches is less than 6, cannot compute Essential Matrix.

2023-Nov-20 12:48:41 [INFO] Detecting Matches Between Frame 29 and Frame 30
2023-Nov-20 12:48:41 [WARNING] Number of matches is less than 6, cannot compute Essential Matrix.

2023-Nov-20 12:48:41 [INFO] Detecting Matches Between Frame 30 and Frame 31
2023-Nov-20 12:48:41 [WARNING] Number of matches is less than 6, cannot compute Essential Matrix.

2023-Nov-20 12:48:41 [INFO] Detecting Matches Between Frame 31 and Frame 32
2023-Nov-20 12:48:41 [WARNING] Number of matches is less than 6, cannot compute Essential Matrix.

2023-Nov-20 12:48:41 [INFO] Detecting Matches Between Frame 32 and Frame 33
2023-Nov-20 12:48:41 [WARNING] Number of matches is less than 6, cannot compute Essential Matrix.

2023-Nov-20 12:48:41 [INFO] Detecting Matches Between Frame 33 and Frame 34
2023-Nov-20 12:48:42 [WARNING] Number of matches is less than 6, cannot compute Essential Matrix.

2023-Nov-20 12:48:42 [INFO] Detecting Matches Between Frame 34 and Frame 35
2023-Nov-20 12:48:42 [WARNING] Number of matches is less than 6, cannot compute Essential Matrix.

2023-Nov-20 12:48:42 [INFO] Detecting Matches Between Frame 35 and Frame 36
2023-Nov-20 12:48:42 [ERROR] Descriptor length is less than 2, the size of the kd-tree cannot be less than 2.

2023-Nov-20 12:48:42 [WARNING] Number of matches is less than 6, cannot compute Essential Matrix.

2023-Nov-20 12:48:42 [INFO] Detecting Matches Between Frame 36 and Frame 37
2023-Nov-20 12:48:42 [ERROR] One of the descriptors is None, cannot compute matches.

2023-Nov-20 12:48:42 [WARNING] Number of matches is less than 6, cannot compute Essential Matrix.

2023-Nov-20 12:48:42 [INFO] Detecting Matches Between Frame 37 and Frame 38
2023-Nov-20 12:48:42 [ERROR] One of the descriptors is None, cannot compute matches.

2023-Nov-20 12:48:42 [WARNING] Number of matches is less than 6, cannot compute Essential Matrix.

2023-Nov-20 12:48:42 [INFO] Detecting Matches Between Frame 38 and Frame 39
2023-Nov-20 12:48:42 [ERROR] One of the descriptors is None, cannot compute matches.

2023-Nov-20 12:48:42 [WARNING] Number of matches is less than 6, cannot compute Essential Matrix.

2023-Nov-20 12:48:42 [INFO] Detecting Matches Between Frame 39 and Frame 40
2023-Nov-20 12:48:42 [ERROR] One of the descriptors is None, cannot compute matches.

2023-Nov-20 12:48:42 [WARNING] Number of matches is less than 6, cannot compute Essential Matrix.

2023-Nov-20 12:48:42 [INFO] Detecting Matches Between Frame 40 and Frame 41
2023-Nov-20 12:48:42 [ERROR] One of the descriptors is None, cannot compute matches.

2023-Nov-20 12:48:42 [WARNING] Number of matches is less than 6, cannot compute Essential Matrix.

2023-Nov-20 12:48:42 [INFO] Detecting Matches Between Frame 41 and Frame 42
2023-Nov-20 12:48:42 [ERROR] One of the descriptors is None, cannot compute matches.

2023-Nov-20 12:48:42 [WARNING] Number of matches is less than 6, cannot compute Essential Matrix.

2023-Nov-20 12:48:42 [INFO] Detecting Matches Between Frame 42 and Frame 43
2023-Nov-20 12:48:42 [ERROR] One of the descriptors is None, cannot compute matches.

2023-Nov-20 12:48:42 [WARNING] Number of matches is less than 6, cannot compute Essential Matrix.

2023-Nov-20 12:48:42 [INFO] Detecting Matches Between Frame 43 and Frame 44
2023-Nov-20 12:48:42 [ERROR] One of the descriptors is None, cannot compute matches.

2023-Nov-20 12:48:42 [WARNING] Number of matches is less than 6, cannot compute Essential Matrix.

2023-Nov-20 12:48:42 [INFO] Detecting Matches Between Frame 44 and Frame 45
2023-Nov-20 12:48:42 [ERROR] One of the descriptors is None, cannot compute matches.

2023-Nov-20 12:48:42 [WARNING] Number of matches is less than 6, cannot compute Essential Matrix.

2023-Nov-20 12:48:42 [INFO] Detecting Matches Between Frame 45 and Frame 46
2023-Nov-20 12:48:42 [ERROR] One of the descriptors is None, cannot compute matches.

2023-Nov-20 12:48:42 [WARNING] Number of matches is less than 6, cannot compute Essential Matrix.

2023-Nov-20 12:48:42 [INFO] Detecting Matches Between Frame 46 and Frame 47
2023-Nov-20 12:48:42 [ERROR] One of the descriptors is None, cannot compute matches.

2023-Nov-20 12:48:42 [WARNING] Number of matches is less than 6, cannot compute Essential Matrix.

2023-Nov-20 12:48:42 [INFO] Detecting Matches Between Frame 47 and Frame 48
2023-Nov-20 12:48:42 [ERROR] One of the descriptors is None, cannot compute matches.

2023-Nov-20 12:48:42 [WARNING] Number of matches is less than 6, cannot compute Essential Matrix.

2023-Nov-20 12:48:42 [INFO] Detecting Matches Between Frame 48 and Frame 49
2023-Nov-20 12:48:42 [ERROR] One of the descriptors is None, cannot compute matches.

2023-Nov-20 12:48:42 [WARNING] Number of matches is less than 6, cannot compute Essential Matrix.

2023-Nov-20 12:48:42 [INFO] Detecting Matches Between Frame 49 and Frame 50
2023-Nov-20 12:48:42 [ERROR] One of the descriptors is None, cannot compute matches.

2023-Nov-20 12:48:42 [WARNING] Number of matches is less than 6, cannot compute Essential Matrix.

2023-Nov-20 12:48:42 [INFO] Detecting Matches Between Frame 50 and Frame 51
2023-Nov-20 12:48:42 [WARNING] Number of matches is less than 6, cannot compute Essential Matrix.

2023-Nov-20 12:48:42 [INFO] Detecting Matches Between Frame 51 and Frame 52
2023-Nov-20 12:48:42 [WARNING] Number of matches is less than 6, cannot compute Essential Matrix.

2023-Nov-20 12:48:42 [INFO] Detecting Matches Between Frame 52 and Frame 53
2023-Nov-20 12:48:43 [WARNING] Number of matches is less than 6, cannot compute Essential Matrix.

2023-Nov-20 12:48:43 [INFO] Detecting Matches Between Frame 53 and Frame 54
2023-Nov-20 12:48:43 [INFO] ----------------------------------------------------------------------------------

2023-Nov-20 12:48:43 [INFO] Number of Good Matches with Frame 54: 8

2023-Nov-20 12:48:43 [INFO] Rotation Matrix Shape (3, 3)

2023-Nov-20 12:48:43 [INFO] Rotation Matrix 
 [[ 9.99656330e-01  2.62146133e-02  1.27783263e-04]
 [-2.62145434e-02  9.99656204e-01 -5.20513860e-04]
 [-1.41384401e-04  5.16985195e-04  9.99999856e-01]] 

2023-Nov-20 12:48:43 [INFO] Translation Matrix Shape (3, 1)

2023-Nov-20 12:48:43 [INFO] Translation Matrix 
 [[0.71088108]
 [0.70329866]
 [0.00436843]]

2023-Nov-20 12:48:43 [INFO] ----------------------------------------------------------------------------------

2023-Nov-20 12:48:43 [INFO] Detecting Matches Between Frame 54 and Frame 55
2023-Nov-20 12:48:43 [WARNING] Number of matches is less than 6, cannot compute Essential Matrix.

2023-Nov-20 12:48:43 [INFO] Detecting Matches Between Frame 55 and Frame 56
2023-Nov-20 12:48:43 [WARNING] Number of matches is less than 6, cannot compute Essential Matrix.

2023-Nov-20 12:48:43 [INFO] Detecting Matches Between Frame 56 and Frame 57
2023-Nov-20 12:48:44 [INFO] ----------------------------------------------------------------------------------

2023-Nov-20 12:48:44 [INFO] Number of Good Matches with Frame 57: 10

2023-Nov-20 12:48:44 [INFO] Rotation Matrix Shape (3, 3)

2023-Nov-20 12:48:44 [INFO] Rotation Matrix 
 [[ 9.99993439e-01 -3.62241643e-03 -1.52624153e-05]
 [ 3.62241327e-03  9.99993419e-01 -2.02632910e-04]
 [ 1.59963356e-05  2.02576294e-04  9.99999979e-01]] 

2023-Nov-20 12:48:44 [INFO] Translation Matrix Shape (3, 1)

2023-Nov-20 12:48:44 [INFO] Translation Matrix 
 [[0.85659285]
 [0.5159793 ]
 [0.00374872]]

2023-Nov-20 12:48:44 [INFO] ----------------------------------------------------------------------------------

2023-Nov-20 12:48:44 [INFO] Detecting Matches Between Frame 57 and Frame 58
2023-Nov-20 12:48:44 [INFO] ----------------------------------------------------------------------------------

2023-Nov-20 12:48:44 [INFO] Number of Good Matches with Frame 58: 14

2023-Nov-20 12:48:44 [INFO] Rotation Matrix Shape (3, 3)

2023-Nov-20 12:48:44 [INFO] Rotation Matrix 
 [[ 9.99999449e-01  1.04946088e-03  3.04130007e-06]
 [-1.04946047e-03  9.99999441e-01 -1.31229563e-04]
 [-3.17901866e-06  1.31226299e-04  9.99999991e-01]] 

2023-Nov-20 12:48:44 [INFO] Translation Matrix Shape (3, 1)

2023-Nov-20 12:48:44 [INFO] Translation Matrix 
 [[-0.82465789]
 [-0.56561286]
 [-0.00463274]]

2023-Nov-20 12:48:44 [INFO] ----------------------------------------------------------------------------------

2023-Nov-20 12:48:44 [INFO] Detecting Matches Between Frame 58 and Frame 59
2023-Nov-20 12:48:44 [INFO] ----------------------------------------------------------------------------------

2023-Nov-20 12:48:44 [INFO] Number of Good Matches with Frame 59: 12

2023-Nov-20 12:48:44 [INFO] Rotation Matrix Shape (3, 3)

2023-Nov-20 12:48:44 [INFO] Rotation Matrix 
 [[ 9.58928575e-01 -2.83622521e-01 -3.77545403e-03]
 [ 2.83616944e-01  9.58935674e-01 -1.94965664e-03]
 [ 4.17338409e-03  7.98798726e-04  9.99990972e-01]] 

2023-Nov-20 12:48:44 [INFO] Translation Matrix Shape (3, 1)

2023-Nov-20 12:48:44 [INFO] Translation Matrix 
 [[ 0.85217942]
 [-0.52312865]
 [-0.01125394]]

2023-Nov-20 12:48:44 [INFO] ----------------------------------------------------------------------------------

2023-Nov-20 12:48:44 [INFO] Detecting Matches Between Frame 59 and Frame 60
2023-Nov-20 12:48:44 [INFO] ----------------------------------------------------------------------------------

2023-Nov-20 12:48:44 [INFO] Number of Good Matches with Frame 60: 7

2023-Nov-20 12:48:44 [INFO] Rotation Matrix Shape (3, 3)

2023-Nov-20 12:48:44 [INFO] Rotation Matrix 
 [[ 9.96420348e-01 -8.45353941e-02 -5.06222889e-04]
 [ 8.45354291e-02  9.96420473e-01  4.79652594e-05]
 [ 5.00356089e-04 -9.05873296e-05  9.99999871e-01]] 

2023-Nov-20 12:48:44 [INFO] Translation Matrix Shape (3, 1)

2023-Nov-20 12:48:44 [INFO] Translation Matrix 
 [[ 0.76586796]
 [-0.64299305]
 [-0.00249204]]

2023-Nov-20 12:48:44 [INFO] ----------------------------------------------------------------------------------

2023-Nov-20 12:48:44 [INFO] Detecting Matches Between Frame 60 and Frame 61
2023-Nov-20 12:48:44 [INFO] ----------------------------------------------------------------------------------

2023-Nov-20 12:48:44 [INFO] Number of Good Matches with Frame 61: 6

2023-Nov-20 12:48:44 [INFO] Rotation Matrix Shape (3, 3)

2023-Nov-20 12:48:44 [INFO] Rotation Matrix 
 [[ 9.99937417e-01 -1.11873930e-02  7.23023463e-05]
 [ 1.11874023e-02  9.99937410e-01 -1.30815337e-04]
 [-7.08343384e-05  1.31616025e-04  9.99999989e-01]] 

2023-Nov-20 12:48:44 [INFO] Translation Matrix Shape (3, 1)

2023-Nov-20 12:48:44 [INFO] Translation Matrix 
 [[0.61152991]
 [0.79119437]
 [0.00652943]]

2023-Nov-20 12:48:44 [INFO] ----------------------------------------------------------------------------------

2023-Nov-20 12:48:44 [INFO] Detecting Matches Between Frame 61 and Frame 62
2023-Nov-20 12:48:45 [INFO] ----------------------------------------------------------------------------------

2023-Nov-20 12:48:45 [INFO] Number of Good Matches with Frame 62: 7

2023-Nov-20 12:48:45 [INFO] Rotation Matrix Shape (3, 3)

2023-Nov-20 12:48:45 [INFO] Rotation Matrix 
 [[-0.57432157 -0.81861676 -0.0046186 ]
 [-0.81861245  0.57426354  0.00974881]
 [-0.00532824  0.0093798  -0.99994181]] 

2023-Nov-20 12:48:45 [INFO] Translation Matrix Shape (3, 1)

2023-Nov-20 12:48:45 [INFO] Translation Matrix 
 [[0.97877135]
 [0.20493276]
 [0.00303608]]

2023-Nov-20 12:48:45 [INFO] ----------------------------------------------------------------------------------

2023-Nov-20 12:48:45 [INFO] Detecting Matches Between Frame 62 and Frame 63
2023-Nov-20 12:48:45 [INFO] ----------------------------------------------------------------------------------

2023-Nov-20 12:48:45 [INFO] Number of Good Matches with Frame 63: 7

2023-Nov-20 12:48:45 [INFO] Rotation Matrix Shape (3, 3)

2023-Nov-20 12:48:45 [INFO] Rotation Matrix 
 [[ 9.99950711e-01 -9.92852989e-03  7.46706520e-06]
 [ 9.92853024e-03  9.99950710e-01 -4.87282316e-05]
 [-6.98289744e-06  4.87999668e-05  9.99999999e-01]] 

2023-Nov-20 12:48:45 [INFO] Translation Matrix Shape (3, 1)

2023-Nov-20 12:48:45 [INFO] Translation Matrix 
 [[-0.81005434]
 [-0.58633299]
 [-0.00505752]]

2023-Nov-20 12:48:45 [INFO] ----------------------------------------------------------------------------------

2023-Nov-20 12:48:45 [INFO] Detecting Matches Between Frame 63 and Frame 64
2023-Nov-20 12:48:45 [INFO] ----------------------------------------------------------------------------------

2023-Nov-20 12:48:45 [INFO] Number of Good Matches with Frame 64: 9

2023-Nov-20 12:48:45 [INFO] Rotation Matrix Shape (3, 3)

2023-Nov-20 12:48:45 [INFO] Rotation Matrix 
 [[ 9.99744111e-01 -2.26208069e-02 -1.06086168e-04]
 [ 2.26208017e-02  9.99744116e-01 -4.95358023e-05]
 [ 1.07179562e-04  4.71233725e-05  9.99999993e-01]] 

2023-Nov-20 12:48:45 [INFO] Translation Matrix Shape (3, 1)

2023-Nov-20 12:48:45 [INFO] Translation Matrix 
 [[0.79281297]
 [0.60944371]
 [0.00509468]]

2023-Nov-20 12:48:45 [INFO] ----------------------------------------------------------------------------------

2023-Nov-20 12:48:45 [INFO] Detecting Matches Between Frame 64 and Frame 65
2023-Nov-20 12:48:45 [INFO] ----------------------------------------------------------------------------------

2023-Nov-20 12:48:45 [INFO] Number of Good Matches with Frame 65: 9

2023-Nov-20 12:48:45 [INFO] Rotation Matrix Shape (3, 3)

2023-Nov-20 12:48:45 [INFO] Rotation Matrix 
 [[ 9.74539811e-01  2.24208240e-01  1.67988863e-03]
 [-2.24208048e-01  9.74541255e-01 -3.04335823e-04]
 [-1.70535538e-03 -8.00571756e-05  9.99998543e-01]] 

2023-Nov-20 12:48:45 [INFO] Translation Matrix Shape (3, 1)

2023-Nov-20 12:48:45 [INFO] Translation Matrix 
 [[-0.784486  ]
 [ 0.62013167]
 [ 0.00429228]]

2023-Nov-20 12:48:45 [INFO] ----------------------------------------------------------------------------------

2023-Nov-20 12:48:45 [INFO] Detecting Matches Between Frame 65 and Frame 66
2023-Nov-20 12:48:46 [INFO] ----------------------------------------------------------------------------------

2023-Nov-20 12:48:46 [INFO] Number of Good Matches with Frame 66: 9

2023-Nov-20 12:48:46 [INFO] Rotation Matrix Shape (3, 3)

2023-Nov-20 12:48:46 [INFO] Rotation Matrix 
 [[ 9.99963630e-01 -8.52837461e-03 -7.66071347e-05]
 [ 8.52837354e-03  9.99963633e-01 -1.42805754e-05]
 [ 7.67261388e-05  1.36267218e-05  9.99999997e-01]] 

2023-Nov-20 12:48:46 [INFO] Translation Matrix Shape (3, 1)

2023-Nov-20 12:48:46 [INFO] Translation Matrix 
 [[-0.94328213]
 [-0.33196673]
 [-0.00411165]]

2023-Nov-20 12:48:46 [INFO] ----------------------------------------------------------------------------------

2023-Nov-20 12:48:46 [INFO] Detecting Matches Between Frame 66 and Frame 67
2023-Nov-20 12:48:46 [INFO] ----------------------------------------------------------------------------------

2023-Nov-20 12:48:46 [INFO] Number of Good Matches with Frame 67: 12

2023-Nov-20 12:48:46 [INFO] Rotation Matrix Shape (3, 3)

2023-Nov-20 12:48:46 [INFO] Rotation Matrix 
 [[ 9.88361409e-01 -1.52119565e-01 -1.16732197e-03]
 [ 1.52119526e-01  9.88362097e-01 -1.22493858e-04]
 [ 1.17237050e-03 -5.65042620e-05  9.99999311e-01]] 

2023-Nov-20 12:48:46 [INFO] Translation Matrix Shape (3, 1)

2023-Nov-20 12:48:46 [INFO] Translation Matrix 
 [[ 9.99747672e-01]
 [-2.24624332e-02]
 [-1.78984723e-04]]

2023-Nov-20 12:48:46 [INFO] ----------------------------------------------------------------------------------

2023-Nov-20 12:48:46 [INFO] Detecting Matches Between Frame 67 and Frame 68
2023-Nov-20 12:48:46 [WARNING] Number of matches is less than 6, cannot compute Essential Matrix.

2023-Nov-20 12:48:46 [INFO] Detecting Matches Between Frame 68 and Frame 69
2023-Nov-20 12:48:46 [WARNING] Number of matches is less than 6, cannot compute Essential Matrix.

2023-Nov-20 12:48:46 [INFO] Detecting Matches Between Frame 69 and Frame 70
2023-Nov-20 12:48:47 [INFO] ----------------------------------------------------------------------------------

2023-Nov-20 12:48:47 [INFO] Number of Good Matches with Frame 70: 8

2023-Nov-20 12:48:47 [INFO] Rotation Matrix Shape (3, 3)

2023-Nov-20 12:48:47 [INFO] Rotation Matrix 
 [[ 9.31496567e-01  3.63735672e-01  3.24151438e-03]
 [-3.63738357e-01  9.31501122e-01  2.60598551e-04]
 [-2.92468529e-03 -1.42180977e-03  9.99994712e-01]] 

2023-Nov-20 12:48:47 [INFO] Translation Matrix Shape (3, 1)

2023-Nov-20 12:48:47 [INFO] Translation Matrix 
 [[-0.19269108]
 [ 0.98121664]
 [ 0.00916787]]

2023-Nov-20 12:48:47 [INFO] ----------------------------------------------------------------------------------

2023-Nov-20 12:48:47 [INFO] Detecting Matches Between Frame 70 and Frame 71
2023-Nov-20 12:48:47 [INFO] ----------------------------------------------------------------------------------

2023-Nov-20 12:48:47 [INFO] Number of Good Matches with Frame 71: 10

2023-Nov-20 12:48:47 [INFO] Rotation Matrix Shape (3, 3)

2023-Nov-20 12:48:47 [INFO] Rotation Matrix 
 [[ 9.99925888e-01  1.21680652e-02 -3.96561652e-04]
 [-1.21676051e-02  9.99925319e-01  1.14272563e-03]
 [ 4.10436797e-04 -1.13781573e-03  9.99999268e-01]] 

2023-Nov-20 12:48:47 [INFO] Translation Matrix Shape (3, 1)

2023-Nov-20 12:48:47 [INFO] Translation Matrix 
 [[0.78477401]
 [0.61975401]
 [0.0058923 ]]

2023-Nov-20 12:48:47 [INFO] ----------------------------------------------------------------------------------

2023-Nov-20 12:48:47 [INFO] Detecting Matches Between Frame 71 and Frame 72
2023-Nov-20 12:48:47 [INFO] ----------------------------------------------------------------------------------

2023-Nov-20 12:48:47 [INFO] Number of Good Matches with Frame 72: 8

2023-Nov-20 12:48:47 [INFO] Rotation Matrix Shape (3, 3)

2023-Nov-20 12:48:47 [INFO] Rotation Matrix 
 [[ 9.99965892e-01 -8.25850262e-03 -1.05403270e-04]
 [ 8.25849634e-03  9.99965896e-01 -5.98934763e-05]
 [ 1.05894306e-04  5.90209609e-05  9.99999993e-01]] 

2023-Nov-20 12:48:47 [INFO] Translation Matrix Shape (3, 1)

2023-Nov-20 12:48:47 [INFO] Translation Matrix 
 [[-0.68746635]
 [-0.72617177]
 [-0.0080364 ]]

2023-Nov-20 12:48:47 [INFO] ----------------------------------------------------------------------------------

2023-Nov-20 12:48:47 [INFO] Detecting Matches Between Frame 72 and Frame 73
2023-Nov-20 12:48:47 [INFO] ----------------------------------------------------------------------------------

2023-Nov-20 12:48:47 [INFO] Number of Good Matches with Frame 73: 6

2023-Nov-20 12:48:47 [INFO] Rotation Matrix Shape (3, 3)

2023-Nov-20 12:48:47 [INFO] Rotation Matrix 
 [[ 9.18413241e-01 -3.95607659e-01 -3.42026187e-03]
 [ 3.95600917e-01  9.18419134e-01 -2.49181935e-03]
 [ 4.12701677e-03  9.35461149e-04  9.99991046e-01]] 

2023-Nov-20 12:48:47 [INFO] Translation Matrix Shape (3, 1)

2023-Nov-20 12:48:47 [INFO] Translation Matrix 
 [[ 0.37563177]
 [-0.92669936]
 [-0.01136059]]

2023-Nov-20 12:48:47 [INFO] ----------------------------------------------------------------------------------

2023-Nov-20 12:48:47 [INFO] Detecting Matches Between Frame 73 and Frame 74
2023-Nov-20 12:48:48 [INFO] ----------------------------------------------------------------------------------

2023-Nov-20 12:48:48 [INFO] Number of Good Matches with Frame 74: 10

2023-Nov-20 12:48:48 [INFO] Rotation Matrix Shape (3, 3)

2023-Nov-20 12:48:48 [INFO] Rotation Matrix 
 [[ 0.99209966  0.12544649 -0.00120034]
 [-0.12544796  0.99209942 -0.00124671]
 [ 0.00103446  0.00138744  0.9999985 ]] 

2023-Nov-20 12:48:48 [INFO] Translation Matrix Shape (3, 1)

2023-Nov-20 12:48:48 [INFO] Translation Matrix 
 [[-0.70150235]
 [ 0.7125628 ]
 [-0.01219485]]

2023-Nov-20 12:48:48 [INFO] ----------------------------------------------------------------------------------

2023-Nov-20 12:48:48 [INFO] Detecting Matches Between Frame 74 and Frame 75
2023-Nov-20 12:48:48 [INFO] ----------------------------------------------------------------------------------

2023-Nov-20 12:48:48 [INFO] Number of Good Matches with Frame 75: 11

2023-Nov-20 12:48:48 [INFO] Rotation Matrix Shape (3, 3)

2023-Nov-20 12:48:48 [INFO] Rotation Matrix 
 [[ 9.99984848e-01 -5.50438145e-03 -8.01429152e-05]
 [ 5.50437734e-03  9.99984849e-01 -5.14374350e-05]
 [ 8.04248323e-05  5.09955187e-05  9.99999995e-01]] 

2023-Nov-20 12:48:48 [INFO] Translation Matrix Shape (3, 1)

2023-Nov-20 12:48:48 [INFO] Translation Matrix 
 [[0.68032205]
 [0.73288503]
 [0.00643764]]

2023-Nov-20 12:48:48 [INFO] ----------------------------------------------------------------------------------

2023-Nov-20 12:48:48 [INFO] Detecting Matches Between Frame 75 and Frame 76
2023-Nov-20 12:48:48 [INFO] ----------------------------------------------------------------------------------

2023-Nov-20 12:48:48 [INFO] Number of Good Matches with Frame 76: 8

2023-Nov-20 12:48:48 [INFO] Rotation Matrix Shape (3, 3)

2023-Nov-20 12:48:48 [INFO] Rotation Matrix 
 [[ 9.99755030e-01 -2.21320082e-02 -2.31900431e-04]
 [ 2.21320262e-02  9.99755054e-01  7.52530826e-05]
 [ 2.30178126e-04 -8.03670742e-05  9.99999970e-01]] 

2023-Nov-20 12:48:48 [INFO] Translation Matrix Shape (3, 1)

2023-Nov-20 12:48:48 [INFO] Translation Matrix 
 [[0.9528696 ]
 [0.30334278]
 [0.00476202]]

2023-Nov-20 12:48:48 [INFO] ----------------------------------------------------------------------------------

2023-Nov-20 12:48:48 [INFO] Detecting Matches Between Frame 76 and Frame 77
2023-Nov-20 12:48:48 [INFO] ----------------------------------------------------------------------------------

2023-Nov-20 12:48:48 [INFO] Number of Good Matches with Frame 77: 10

2023-Nov-20 12:48:48 [INFO] Rotation Matrix Shape (3, 3)

2023-Nov-20 12:48:48 [INFO] Rotation Matrix 
 [[ 9.99931858e-01 -1.16728315e-02 -1.56269854e-04]
 [ 1.16728231e-02  9.99931869e-01 -5.49993482e-05]
 [ 1.56901205e-04  5.31714901e-05  9.99999986e-01]] 

2023-Nov-20 12:48:48 [INFO] Translation Matrix Shape (3, 1)

2023-Nov-20 12:48:48 [INFO] Translation Matrix 
 [[-0.68846727]
 [-0.72523489]
 [-0.00686841]]

2023-Nov-20 12:48:48 [INFO] ----------------------------------------------------------------------------------

2023-Nov-20 12:48:48 [INFO] Detecting Matches Between Frame 77 and Frame 78
2023-Nov-20 12:48:48 [INFO] ----------------------------------------------------------------------------------

2023-Nov-20 12:48:48 [INFO] Number of Good Matches with Frame 78: 6

2023-Nov-20 12:48:48 [INFO] Rotation Matrix Shape (3, 3)

2023-Nov-20 12:48:48 [INFO] Rotation Matrix 
 [[ 9.99997592e-01 -2.19388550e-03 -5.83168374e-05]
 [ 2.19388473e-03  9.99997593e-01 -1.31889159e-05]
 [ 5.83456320e-05  1.30609437e-05  9.99999998e-01]] 

2023-Nov-20 12:48:48 [INFO] Translation Matrix Shape (3, 1)

2023-Nov-20 12:48:48 [INFO] Translation Matrix 
 [[-0.88607179]
 [-0.46353694]
 [-0.00320933]]

2023-Nov-20 12:48:48 [INFO] ----------------------------------------------------------------------------------

2023-Nov-20 12:48:48 [INFO] Detecting Matches Between Frame 78 and Frame 79
2023-Nov-20 12:48:49 [INFO] ----------------------------------------------------------------------------------

2023-Nov-20 12:48:49 [INFO] Number of Good Matches with Frame 79: 11

2023-Nov-20 12:48:49 [INFO] Rotation Matrix Shape (3, 3)

2023-Nov-20 12:48:49 [INFO] Rotation Matrix 
 [[ 9.99970789e-01  7.64340849e-03  2.06800405e-05]
 [-7.64340874e-03  9.99970789e-01  1.20188939e-05]
 [-2.05875711e-05 -1.21766088e-05  1.00000000e+00]] 

2023-Nov-20 12:48:49 [INFO] Translation Matrix Shape (3, 1)

2023-Nov-20 12:48:49 [INFO] Translation Matrix 
 [[0.37479504]
 [0.92707016]
 [0.00834214]]

2023-Nov-20 12:48:49 [INFO] ----------------------------------------------------------------------------------

2023-Nov-20 12:48:49 [INFO] Detecting Matches Between Frame 79 and Frame 80
2023-Nov-20 12:48:49 [INFO] ----------------------------------------------------------------------------------

2023-Nov-20 12:48:49 [INFO] Number of Good Matches with Frame 80: 10

2023-Nov-20 12:48:49 [INFO] Rotation Matrix Shape (3, 3)

2023-Nov-20 12:48:49 [INFO] Rotation Matrix 
 [[-0.04239705 -0.99906248 -0.00875456]
 [ 0.99906181 -0.04231632 -0.00921007]
 [ 0.00883097 -0.00913682  0.99991926]] 

2023-Nov-20 12:48:49 [INFO] Translation Matrix Shape (3, 1)

2023-Nov-20 12:48:49 [INFO] Translation Matrix 
 [[ 0.95758752]
 [-0.28813151]
 [-0.00252446]]

2023-Nov-20 12:48:49 [INFO] ----------------------------------------------------------------------------------

2023-Nov-20 12:48:49 [INFO] Detecting Matches Between Frame 80 and Frame 81
2023-Nov-20 12:48:49 [INFO] ----------------------------------------------------------------------------------

2023-Nov-20 12:48:49 [INFO] Number of Good Matches with Frame 81: 14

2023-Nov-20 12:48:49 [INFO] Rotation Matrix Shape (3, 3)

2023-Nov-20 12:48:49 [INFO] Rotation Matrix 
 [[ 9.99988799e-01 -4.73228880e-03 -8.10583912e-05]
 [ 4.73228593e-03  9.99988802e-01 -3.55562885e-05]
 [ 8.12257462e-05  3.51722988e-05  9.99999996e-01]] 

2023-Nov-20 12:48:49 [INFO] Translation Matrix Shape (3, 1)

2023-Nov-20 12:48:49 [INFO] Translation Matrix 
 [[0.5715082 ]
 [0.82057305]
 [0.00618366]]

2023-Nov-20 12:48:49 [INFO] ----------------------------------------------------------------------------------

2023-Nov-20 12:48:49 [INFO] Detecting Matches Between Frame 81 and Frame 82
2023-Nov-20 12:48:49 [INFO] ----------------------------------------------------------------------------------

2023-Nov-20 12:48:49 [INFO] Number of Good Matches with Frame 82: 12

