2023-Nov-20 02:42:19 [INFO] Number of Images: 650
2023-Nov-20 02:42:19 [INFO] Run Number: 1
2023-Nov-20 02:42:19 [INFO] Feature Detector: SIFT
2023-Nov-20 02:42:19 [INFO] Trajectory Shape: (3, 650)
2023-Nov-20 02:42:19 [INFO] Detecting Matches Between Frame 1 and Frame 2
2023-Nov-20 02:42:19 [INFO] ----------------------------------------------------------------------------------

2023-Nov-20 02:42:19 [INFO] Number of Good Matches with Frame 2: 69

2023-Nov-20 02:42:19 [INFO] Rotation Matrix Shape (3, 3)

2023-Nov-20 02:42:19 [INFO] Rotation Matrix 
 [[ 9.99873020e-01 -1.59336184e-02 -2.52864993e-04]
 [ 1.59336811e-02  9.99873020e-01  2.47771467e-04]
 [ 2.48884988e-04 -2.51769075e-04  9.99999937e-01]] 

2023-Nov-20 02:42:19 [INFO] Translation Matrix Shape (3, 1)

2023-Nov-20 02:42:19 [INFO] Translation Matrix 
 [[0.98284948]
 [0.18440384]
 [0.00145484]]

2023-Nov-20 02:42:19 [INFO] ----------------------------------------------------------------------------------

2023-Nov-20 02:42:19 [INFO] Detecting Matches Between Frame 2 and Frame 3
2023-Nov-20 02:42:19 [INFO] ----------------------------------------------------------------------------------

2023-Nov-20 02:42:19 [INFO] Number of Good Matches with Frame 3: 54

2023-Nov-20 02:42:19 [INFO] Rotation Matrix Shape (3, 3)

2023-Nov-20 02:42:19 [INFO] Rotation Matrix 
 [[ 9.96684620e-01 -8.13612479e-02  3.40048260e-04]
 [ 8.13607799e-02  9.96683973e-01  1.21680121e-03]
 [-4.37921116e-04 -1.18510046e-03  9.99999202e-01]] 

2023-Nov-20 02:42:19 [INFO] Translation Matrix Shape (3, 1)

2023-Nov-20 02:42:19 [INFO] Translation Matrix 
 [[ 0.50630991]
 [-0.86225569]
 [ 0.01286061]]

2023-Nov-20 02:42:19 [INFO] ----------------------------------------------------------------------------------

2023-Nov-20 02:42:19 [INFO] Detecting Matches Between Frame 3 and Frame 4
2023-Nov-20 02:42:20 [INFO] ----------------------------------------------------------------------------------

2023-Nov-20 02:42:20 [INFO] Number of Good Matches with Frame 4: 45

2023-Nov-20 02:42:20 [INFO] Rotation Matrix Shape (3, 3)

2023-Nov-20 02:42:20 [INFO] Rotation Matrix 
 [[ 1.00000000e+00  3.10614782e-13 -7.73686670e-16]
 [-3.10614264e-13  1.00000000e+00 -1.15540606e-15]
 [ 7.73686671e-16  1.09270099e-15  1.00000000e+00]] 

2023-Nov-20 02:42:20 [INFO] Translation Matrix Shape (3, 1)

2023-Nov-20 02:42:20 [INFO] Translation Matrix 
 [[-5.70987492e-12]
 [ 1.00000000e+00]
 [-4.45949364e-14]]

2023-Nov-20 02:42:20 [INFO] ----------------------------------------------------------------------------------

2023-Nov-20 02:42:20 [INFO] Detecting Matches Between Frame 4 and Frame 5
2023-Nov-20 02:42:20 [INFO] ----------------------------------------------------------------------------------

2023-Nov-20 02:42:20 [INFO] Number of Good Matches with Frame 5: 24

2023-Nov-20 02:42:20 [INFO] Rotation Matrix Shape (3, 3)

2023-Nov-20 02:42:20 [INFO] Rotation Matrix 
 [[ 9.99910106e-01 -1.34045259e-02 -3.14770548e-04]
 [ 1.34046693e-02  9.99910049e-01  4.57784132e-04]
 [ 3.08605855e-04 -4.61962375e-04  9.99999846e-01]] 

2023-Nov-20 02:42:20 [INFO] Translation Matrix Shape (3, 1)

2023-Nov-20 02:42:20 [INFO] Translation Matrix 
 [[-0.72993641]
 [-0.6832805 ]
 [-0.01790507]]

2023-Nov-20 02:42:20 [INFO] ----------------------------------------------------------------------------------

2023-Nov-20 02:42:20 [INFO] Detecting Matches Between Frame 5 and Frame 6
2023-Nov-20 02:42:20 [INFO] ----------------------------------------------------------------------------------

2023-Nov-20 02:42:20 [INFO] Number of Good Matches with Frame 6: 72

2023-Nov-20 02:42:20 [INFO] Rotation Matrix Shape (3, 3)

2023-Nov-20 02:42:20 [INFO] Rotation Matrix 
 [[ 1.00000000e+00  3.75715456e-16  5.45973475e-18]
 [ 3.56857556e-16  1.00000000e+00 -7.43453242e-18]
 [-1.18952519e-16 -7.60523143e-16  1.00000000e+00]] 

2023-Nov-20 02:42:20 [INFO] Translation Matrix Shape (3, 1)

2023-Nov-20 02:42:20 [INFO] Translation Matrix 
 [[-1.84187825e-14]
 [ 1.00000000e+00]
 [-8.79475662e-16]]

2023-Nov-20 02:42:20 [INFO] ----------------------------------------------------------------------------------

2023-Nov-20 02:42:20 [INFO] Detecting Matches Between Frame 6 and Frame 7
2023-Nov-20 02:42:21 [INFO] ----------------------------------------------------------------------------------

2023-Nov-20 02:42:21 [INFO] Number of Good Matches with Frame 7: 74

2023-Nov-20 02:42:21 [INFO] Rotation Matrix Shape (3, 3)

2023-Nov-20 02:42:21 [INFO] Rotation Matrix 
 [[ 9.99963429e-01  8.55147453e-03  1.10620147e-04]
 [-8.55150452e-03  9.99963398e-01  2.73535652e-04]
 [-1.08276965e-04 -2.74471617e-04  9.99999956e-01]] 

2023-Nov-20 02:42:21 [INFO] Translation Matrix Shape (3, 1)

2023-Nov-20 02:42:21 [INFO] Translation Matrix 
 [[0.25790564]
 [0.96610383]
 [0.01131689]]

2023-Nov-20 02:42:21 [INFO] ----------------------------------------------------------------------------------

2023-Nov-20 02:42:21 [INFO] Detecting Matches Between Frame 7 and Frame 8
2023-Nov-20 02:42:21 [INFO] ----------------------------------------------------------------------------------

2023-Nov-20 02:42:21 [INFO] Number of Good Matches with Frame 8: 64

2023-Nov-20 02:42:21 [INFO] Rotation Matrix Shape (3, 3)

2023-Nov-20 02:42:21 [INFO] Rotation Matrix 
 [[ 9.99972360e-01 -7.42989912e-03 -2.73614990e-04]
 [ 7.42997259e-03  9.99972361e-01  2.68475278e-04]
 [ 2.71612684e-04 -2.70500809e-04  9.99999927e-01]] 

2023-Nov-20 02:42:21 [INFO] Translation Matrix Shape (3, 1)

2023-Nov-20 02:42:21 [INFO] Translation Matrix 
 [[-0.89858074]
 [-0.43873457]
 [-0.00803932]]

2023-Nov-20 02:42:21 [INFO] ----------------------------------------------------------------------------------

2023-Nov-20 02:42:21 [INFO] Detecting Matches Between Frame 8 and Frame 9
2023-Nov-20 02:42:22 [INFO] ----------------------------------------------------------------------------------

2023-Nov-20 02:42:22 [INFO] Number of Good Matches with Frame 9: 56

2023-Nov-20 02:42:22 [INFO] Rotation Matrix Shape (3, 3)

2023-Nov-20 02:42:22 [INFO] Rotation Matrix 
 [[ 9.99935587e-01 -1.13499689e-02  1.60087002e-06]
 [ 1.13499688e-02  9.99935585e-01  5.96425108e-05]
 [-2.27770754e-06 -5.96204993e-05  9.99999998e-01]] 

2023-Nov-20 02:42:22 [INFO] Translation Matrix Shape (3, 1)

2023-Nov-20 02:42:22 [INFO] Translation Matrix 
 [[0.84047495]
 [0.54182185]
 [0.00556276]]

2023-Nov-20 02:42:22 [INFO] ----------------------------------------------------------------------------------

2023-Nov-20 02:42:22 [INFO] Detecting Matches Between Frame 9 and Frame 10
2023-Nov-20 02:42:22 [INFO] ----------------------------------------------------------------------------------

2023-Nov-20 02:42:22 [INFO] Number of Good Matches with Frame 10: 58

2023-Nov-20 02:42:22 [INFO] Rotation Matrix Shape (3, 3)

2023-Nov-20 02:42:22 [INFO] Rotation Matrix 
 [[ 9.99927304e-01 -1.20570799e-02 -1.15775638e-04]
 [ 1.20570994e-02  9.99927296e-01  1.68865158e-04]
 [ 1.13731200e-04 -1.70248801e-04  9.99999979e-01]] 

2023-Nov-20 02:42:22 [INFO] Translation Matrix Shape (3, 1)

2023-Nov-20 02:42:22 [INFO] Translation Matrix 
 [[-0.80968608]
 [-0.58683601]
 [-0.0056526 ]]

2023-Nov-20 02:42:22 [INFO] ----------------------------------------------------------------------------------

2023-Nov-20 02:42:22 [INFO] Detecting Matches Between Frame 10 and Frame 11
2023-Nov-20 02:42:22 [INFO] ----------------------------------------------------------------------------------

2023-Nov-20 02:42:22 [INFO] Number of Good Matches with Frame 11: 38

2023-Nov-20 02:42:22 [INFO] Rotation Matrix Shape (3, 3)

2023-Nov-20 02:42:22 [INFO] Rotation Matrix 
 [[ 9.99933831e-01 -1.15026087e-02 -1.55565397e-04]
 [ 1.15026366e-02  9.99933826e-01  1.79234930e-04]
 [ 1.53493433e-04 -1.81012482e-04  9.99999972e-01]] 

2023-Nov-20 02:42:22 [INFO] Translation Matrix Shape (3, 1)

2023-Nov-20 02:42:22 [INFO] Translation Matrix 
 [[-0.82744756]
 [-0.56149432]
 [-0.00739314]]

2023-Nov-20 02:42:22 [INFO] ----------------------------------------------------------------------------------

2023-Nov-20 02:42:22 [INFO] Detecting Matches Between Frame 11 and Frame 12
2023-Nov-20 02:42:23 [INFO] ----------------------------------------------------------------------------------

2023-Nov-20 02:42:23 [INFO] Number of Good Matches with Frame 12: 67

2023-Nov-20 02:42:23 [INFO] Rotation Matrix Shape (3, 3)

2023-Nov-20 02:42:23 [INFO] Rotation Matrix 
 [[ 9.99993266e-01 -3.66873316e-03 -8.58441291e-05]
 [ 3.66875459e-03  9.99993239e-01  2.50810596e-04]
 [ 8.49233915e-05 -2.51123848e-04  9.99999965e-01]] 

2023-Nov-20 02:42:23 [INFO] Translation Matrix Shape (3, 1)

2023-Nov-20 02:42:23 [INFO] Translation Matrix 
 [[-0.92315802]
 [-0.38439625]
 [-0.00433516]]

2023-Nov-20 02:42:23 [INFO] ----------------------------------------------------------------------------------

2023-Nov-20 02:42:23 [INFO] Detecting Matches Between Frame 12 and Frame 13
2023-Nov-20 02:42:23 [INFO] ----------------------------------------------------------------------------------

2023-Nov-20 02:42:23 [INFO] Number of Good Matches with Frame 13: 70

2023-Nov-20 02:42:23 [INFO] Rotation Matrix Shape (3, 3)

2023-Nov-20 02:42:23 [INFO] Rotation Matrix 
 [[ 9.99902012e-01 -1.39982976e-02 -1.15216044e-04]
 [ 1.39983154e-02  9.99902007e-01  1.55339713e-04]
 [ 1.13030262e-04 -1.56937323e-04  9.99999981e-01]] 

2023-Nov-20 02:42:23 [INFO] Translation Matrix Shape (3, 1)

2023-Nov-20 02:42:23 [INFO] Translation Matrix 
 [[-0.22901192]
 [-0.97339489]
 [-0.00747799]]

2023-Nov-20 02:42:23 [INFO] ----------------------------------------------------------------------------------

2023-Nov-20 02:42:23 [INFO] Detecting Matches Between Frame 13 and Frame 14
2023-Nov-20 02:42:23 [INFO] ----------------------------------------------------------------------------------

2023-Nov-20 02:42:23 [INFO] Number of Good Matches with Frame 14: 24

2023-Nov-20 02:42:23 [INFO] Rotation Matrix Shape (3, 3)

2023-Nov-20 02:42:23 [INFO] Rotation Matrix 
 [[ 9.98627568e-01 -5.23711030e-02 -4.97870082e-04]
 [ 5.23711856e-02  9.98627676e-01  1.54405738e-04]
 [ 4.89100444e-04 -1.80267873e-04  9.99999864e-01]] 

2023-Nov-20 02:42:23 [INFO] Translation Matrix Shape (3, 1)

2023-Nov-20 02:42:23 [INFO] Translation Matrix 
 [[ 0.74318927]
 [-0.66905149]
 [-0.0063094 ]]

2023-Nov-20 02:42:23 [INFO] ----------------------------------------------------------------------------------

2023-Nov-20 02:42:23 [INFO] Detecting Matches Between Frame 14 and Frame 15
2023-Nov-20 02:42:24 [INFO] ----------------------------------------------------------------------------------

2023-Nov-20 02:42:24 [INFO] Number of Good Matches with Frame 15: 56

2023-Nov-20 02:42:24 [INFO] Rotation Matrix Shape (3, 3)

2023-Nov-20 02:42:24 [INFO] Rotation Matrix 
 [[ 9.99833094e-01  1.82697567e-02  3.19603355e-05]
 [-1.82697576e-02  9.99833094e-01  2.84562144e-05]
 [-3.14351130e-05 -2.90353725e-05  9.99999999e-01]] 

2023-Nov-20 02:42:24 [INFO] Translation Matrix Shape (3, 1)

2023-Nov-20 02:42:24 [INFO] Translation Matrix 
 [[-6.04688354e-01]
 [ 7.96462127e-01]
 [ 2.73981786e-04]]

2023-Nov-20 02:42:24 [INFO] ----------------------------------------------------------------------------------

2023-Nov-20 02:42:24 [INFO] Detecting Matches Between Frame 15 and Frame 16
2023-Nov-20 02:42:24 [INFO] ----------------------------------------------------------------------------------

2023-Nov-20 02:42:24 [INFO] Number of Good Matches with Frame 16: 21

2023-Nov-20 02:42:24 [INFO] Rotation Matrix Shape (3, 3)

2023-Nov-20 02:42:24 [INFO] Rotation Matrix 
 [[ 9.41378978e-01 -3.37316392e-01 -4.82412770e-03]
 [ 3.37321250e-01  9.41389575e-01  2.07140224e-04]
 [ 4.47151173e-03 -1.82227824e-03  9.99988342e-01]] 

2023-Nov-20 02:42:24 [INFO] Translation Matrix Shape (3, 1)

2023-Nov-20 02:42:24 [INFO] Translation Matrix 
 [[ 0.87549676]
 [-0.48316725]
 [-0.00740518]]

2023-Nov-20 02:42:24 [INFO] ----------------------------------------------------------------------------------

2023-Nov-20 02:42:24 [INFO] Detecting Matches Between Frame 16 and Frame 17
2023-Nov-20 02:42:24 [WARNING] Number of matches is less than 6, cannot compute Essential Matrix.

2023-Nov-20 02:42:24 [INFO] Detecting Matches Between Frame 17 and Frame 18
2023-Nov-20 02:42:24 [WARNING] Number of matches is less than 6, cannot compute Essential Matrix.

2023-Nov-20 02:42:24 [INFO] Detecting Matches Between Frame 18 and Frame 19
2023-Nov-20 02:42:24 [ERROR] Descriptor length is less than 2, the size of the kd-tree cannot be less than 2.

2023-Nov-20 02:42:24 [WARNING] Number of matches is less than 6, cannot compute Essential Matrix.

2023-Nov-20 02:42:24 [INFO] Detecting Matches Between Frame 19 and Frame 20
2023-Nov-20 02:42:24 [ERROR] One of the descriptors is None, cannot compute matches.

2023-Nov-20 02:42:24 [WARNING] Number of matches is less than 6, cannot compute Essential Matrix.

2023-Nov-20 02:42:24 [INFO] Detecting Matches Between Frame 20 and Frame 21
2023-Nov-20 02:42:24 [ERROR] One of the descriptors is None, cannot compute matches.

2023-Nov-20 02:42:24 [WARNING] Number of matches is less than 6, cannot compute Essential Matrix.

2023-Nov-20 02:42:24 [INFO] Detecting Matches Between Frame 21 and Frame 22
2023-Nov-20 02:42:24 [ERROR] One of the descriptors is None, cannot compute matches.

2023-Nov-20 02:42:24 [WARNING] Number of matches is less than 6, cannot compute Essential Matrix.

2023-Nov-20 02:42:24 [INFO] Detecting Matches Between Frame 22 and Frame 23
2023-Nov-20 02:42:24 [ERROR] One of the descriptors is None, cannot compute matches.

2023-Nov-20 02:42:24 [WARNING] Number of matches is less than 6, cannot compute Essential Matrix.

2023-Nov-20 02:42:24 [INFO] Detecting Matches Between Frame 23 and Frame 24
2023-Nov-20 02:42:24 [ERROR] One of the descriptors is None, cannot compute matches.

2023-Nov-20 02:42:24 [WARNING] Number of matches is less than 6, cannot compute Essential Matrix.

2023-Nov-20 02:42:24 [INFO] Detecting Matches Between Frame 24 and Frame 25
2023-Nov-20 02:42:24 [ERROR] One of the descriptors is None, cannot compute matches.

2023-Nov-20 02:42:24 [WARNING] Number of matches is less than 6, cannot compute Essential Matrix.

2023-Nov-20 02:42:24 [INFO] Detecting Matches Between Frame 25 and Frame 26
2023-Nov-20 02:42:24 [ERROR] One of the descriptors is None, cannot compute matches.

2023-Nov-20 02:42:24 [WARNING] Number of matches is less than 6, cannot compute Essential Matrix.

2023-Nov-20 02:42:24 [INFO] Detecting Matches Between Frame 26 and Frame 27
2023-Nov-20 02:42:24 [ERROR] One of the descriptors is None, cannot compute matches.

2023-Nov-20 02:42:24 [WARNING] Number of matches is less than 6, cannot compute Essential Matrix.

2023-Nov-20 02:42:24 [INFO] Detecting Matches Between Frame 27 and Frame 28
2023-Nov-20 02:42:24 [ERROR] One of the descriptors is None, cannot compute matches.

2023-Nov-20 02:42:24 [WARNING] Number of matches is less than 6, cannot compute Essential Matrix.

2023-Nov-20 02:42:24 [INFO] Detecting Matches Between Frame 28 and Frame 29
2023-Nov-20 02:42:24 [ERROR] One of the descriptors is None, cannot compute matches.

2023-Nov-20 02:42:24 [WARNING] Number of matches is less than 6, cannot compute Essential Matrix.

2023-Nov-20 02:42:24 [INFO] Detecting Matches Between Frame 29 and Frame 30
2023-Nov-20 02:42:24 [ERROR] One of the descriptors is None, cannot compute matches.

2023-Nov-20 02:42:24 [WARNING] Number of matches is less than 6, cannot compute Essential Matrix.

2023-Nov-20 02:42:24 [INFO] Detecting Matches Between Frame 30 and Frame 31
2023-Nov-20 02:42:24 [ERROR] One of the descriptors is None, cannot compute matches.

2023-Nov-20 02:42:24 [WARNING] Number of matches is less than 6, cannot compute Essential Matrix.

2023-Nov-20 02:42:24 [INFO] Detecting Matches Between Frame 31 and Frame 32
2023-Nov-20 02:42:24 [ERROR] One of the descriptors is None, cannot compute matches.

2023-Nov-20 02:42:24 [WARNING] Number of matches is less than 6, cannot compute Essential Matrix.

2023-Nov-20 02:42:24 [INFO] Detecting Matches Between Frame 32 and Frame 33
2023-Nov-20 02:42:24 [ERROR] One of the descriptors is None, cannot compute matches.

2023-Nov-20 02:42:24 [WARNING] Number of matches is less than 6, cannot compute Essential Matrix.

2023-Nov-20 02:42:24 [INFO] Detecting Matches Between Frame 33 and Frame 34
2023-Nov-20 02:42:24 [ERROR] One of the descriptors is None, cannot compute matches.

2023-Nov-20 02:42:24 [WARNING] Number of matches is less than 6, cannot compute Essential Matrix.

2023-Nov-20 02:42:24 [INFO] Detecting Matches Between Frame 34 and Frame 35
2023-Nov-20 02:42:24 [ERROR] One of the descriptors is None, cannot compute matches.

2023-Nov-20 02:42:24 [WARNING] Number of matches is less than 6, cannot compute Essential Matrix.

2023-Nov-20 02:42:24 [INFO] Detecting Matches Between Frame 35 and Frame 36
2023-Nov-20 02:42:24 [ERROR] One of the descriptors is None, cannot compute matches.

2023-Nov-20 02:42:24 [WARNING] Number of matches is less than 6, cannot compute Essential Matrix.

2023-Nov-20 02:42:24 [INFO] Detecting Matches Between Frame 36 and Frame 37
2023-Nov-20 02:42:24 [ERROR] One of the descriptors is None, cannot compute matches.

2023-Nov-20 02:42:24 [WARNING] Number of matches is less than 6, cannot compute Essential Matrix.

2023-Nov-20 02:42:24 [INFO] Detecting Matches Between Frame 37 and Frame 38
2023-Nov-20 02:42:24 [ERROR] One of the descriptors is None, cannot compute matches.

2023-Nov-20 02:42:24 [WARNING] Number of matches is less than 6, cannot compute Essential Matrix.

2023-Nov-20 02:42:24 [INFO] Detecting Matches Between Frame 38 and Frame 39
2023-Nov-20 02:42:24 [ERROR] One of the descriptors is None, cannot compute matches.

2023-Nov-20 02:42:24 [WARNING] Number of matches is less than 6, cannot compute Essential Matrix.

2023-Nov-20 02:42:24 [INFO] Detecting Matches Between Frame 39 and Frame 40
2023-Nov-20 02:42:24 [ERROR] One of the descriptors is None, cannot compute matches.

2023-Nov-20 02:42:24 [WARNING] Number of matches is less than 6, cannot compute Essential Matrix.

2023-Nov-20 02:42:24 [INFO] Detecting Matches Between Frame 40 and Frame 41
2023-Nov-20 02:42:24 [ERROR] One of the descriptors is None, cannot compute matches.

2023-Nov-20 02:42:24 [WARNING] Number of matches is less than 6, cannot compute Essential Matrix.

2023-Nov-20 02:42:24 [INFO] Detecting Matches Between Frame 41 and Frame 42
2023-Nov-20 02:42:24 [ERROR] One of the descriptors is None, cannot compute matches.

2023-Nov-20 02:42:24 [WARNING] Number of matches is less than 6, cannot compute Essential Matrix.

2023-Nov-20 02:42:24 [INFO] Detecting Matches Between Frame 42 and Frame 43
2023-Nov-20 02:42:24 [ERROR] One of the descriptors is None, cannot compute matches.

2023-Nov-20 02:42:24 [WARNING] Number of matches is less than 6, cannot compute Essential Matrix.

2023-Nov-20 02:42:24 [INFO] Detecting Matches Between Frame 43 and Frame 44
2023-Nov-20 02:42:24 [ERROR] One of the descriptors is None, cannot compute matches.

2023-Nov-20 02:42:24 [WARNING] Number of matches is less than 6, cannot compute Essential Matrix.

2023-Nov-20 02:42:24 [INFO] Detecting Matches Between Frame 44 and Frame 45
2023-Nov-20 02:42:24 [ERROR] One of the descriptors is None, cannot compute matches.

2023-Nov-20 02:42:24 [WARNING] Number of matches is less than 6, cannot compute Essential Matrix.

2023-Nov-20 02:42:24 [INFO] Detecting Matches Between Frame 45 and Frame 46
2023-Nov-20 02:42:24 [ERROR] One of the descriptors is None, cannot compute matches.

2023-Nov-20 02:42:24 [WARNING] Number of matches is less than 6, cannot compute Essential Matrix.

2023-Nov-20 02:42:24 [INFO] Detecting Matches Between Frame 46 and Frame 47
2023-Nov-20 02:42:24 [ERROR] One of the descriptors is None, cannot compute matches.

2023-Nov-20 02:42:24 [WARNING] Number of matches is less than 6, cannot compute Essential Matrix.

2023-Nov-20 02:42:24 [INFO] Detecting Matches Between Frame 47 and Frame 48
2023-Nov-20 02:42:24 [ERROR] One of the descriptors is None, cannot compute matches.

2023-Nov-20 02:42:24 [WARNING] Number of matches is less than 6, cannot compute Essential Matrix.

2023-Nov-20 02:42:24 [INFO] Detecting Matches Between Frame 48 and Frame 49
2023-Nov-20 02:42:24 [ERROR] One of the descriptors is None, cannot compute matches.

2023-Nov-20 02:42:24 [WARNING] Number of matches is less than 6, cannot compute Essential Matrix.

2023-Nov-20 02:42:24 [INFO] Detecting Matches Between Frame 49 and Frame 50
2023-Nov-20 02:42:24 [ERROR] One of the descriptors is None, cannot compute matches.

2023-Nov-20 02:42:24 [WARNING] Number of matches is less than 6, cannot compute Essential Matrix.

2023-Nov-20 02:42:24 [INFO] Detecting Matches Between Frame 50 and Frame 51
2023-Nov-20 02:42:24 [ERROR] One of the descriptors is None, cannot compute matches.

2023-Nov-20 02:42:24 [WARNING] Number of matches is less than 6, cannot compute Essential Matrix.

2023-Nov-20 02:42:24 [INFO] Detecting Matches Between Frame 51 and Frame 52
2023-Nov-20 02:42:24 [ERROR] One of the descriptors is None, cannot compute matches.

2023-Nov-20 02:42:24 [WARNING] Number of matches is less than 6, cannot compute Essential Matrix.

2023-Nov-20 02:42:24 [INFO] Detecting Matches Between Frame 52 and Frame 53
2023-Nov-20 02:42:25 [WARNING] Number of matches is less than 6, cannot compute Essential Matrix.

2023-Nov-20 02:42:25 [INFO] Detecting Matches Between Frame 53 and Frame 54
2023-Nov-20 02:42:25 [INFO] ----------------------------------------------------------------------------------

2023-Nov-20 02:42:25 [INFO] Number of Good Matches with Frame 54: 6

2023-Nov-20 02:42:25 [INFO] Rotation Matrix Shape (3, 3)

2023-Nov-20 02:42:25 [INFO] Rotation Matrix 
 [[-0.9766918  -0.2143866  -0.01056041]
 [ 0.21435858 -0.97674791  0.00373038]
 [-0.0111146   0.00137972  0.99993728]] 

2023-Nov-20 02:42:25 [INFO] Translation Matrix Shape (3, 1)

2023-Nov-20 02:42:25 [INFO] Translation Matrix 
 [[0.94405702]
 [0.32974781]
 [0.00476652]]

2023-Nov-20 02:42:25 [INFO] ----------------------------------------------------------------------------------

2023-Nov-20 02:42:25 [INFO] Detecting Matches Between Frame 54 and Frame 55
2023-Nov-20 02:42:25 [WARNING] Number of matches is less than 6, cannot compute Essential Matrix.

2023-Nov-20 02:42:25 [INFO] Detecting Matches Between Frame 55 and Frame 56
2023-Nov-20 02:42:25 [WARNING] Number of matches is less than 6, cannot compute Essential Matrix.

2023-Nov-20 02:42:25 [INFO] Detecting Matches Between Frame 56 and Frame 57
2023-Nov-20 02:42:25 [WARNING] Number of matches is less than 6, cannot compute Essential Matrix.

2023-Nov-20 02:42:25 [INFO] Detecting Matches Between Frame 57 and Frame 58
2023-Nov-20 02:42:26 [WARNING] Number of matches is less than 6, cannot compute Essential Matrix.

2023-Nov-20 02:42:26 [INFO] Detecting Matches Between Frame 58 and Frame 59
2023-Nov-20 02:42:26 [WARNING] Number of matches is less than 6, cannot compute Essential Matrix.

2023-Nov-20 02:42:26 [INFO] Detecting Matches Between Frame 59 and Frame 60
2023-Nov-20 02:42:26 [WARNING] Number of matches is less than 6, cannot compute Essential Matrix.

2023-Nov-20 02:42:26 [INFO] Detecting Matches Between Frame 60 and Frame 61
2023-Nov-20 02:42:26 [WARNING] Number of matches is less than 6, cannot compute Essential Matrix.

2023-Nov-20 02:42:26 [INFO] Detecting Matches Between Frame 61 and Frame 62
2023-Nov-20 02:42:27 [WARNING] Number of matches is less than 6, cannot compute Essential Matrix.

2023-Nov-20 02:42:27 [INFO] Detecting Matches Between Frame 62 and Frame 63
2023-Nov-20 02:42:27 [WARNING] Number of matches is less than 6, cannot compute Essential Matrix.

2023-Nov-20 02:42:27 [INFO] Detecting Matches Between Frame 63 and Frame 64
2023-Nov-20 02:42:27 [WARNING] Number of matches is less than 6, cannot compute Essential Matrix.

2023-Nov-20 02:42:27 [INFO] Detecting Matches Between Frame 64 and Frame 65
2023-Nov-20 02:42:27 [WARNING] Number of matches is less than 6, cannot compute Essential Matrix.

2023-Nov-20 02:42:27 [INFO] Detecting Matches Between Frame 65 and Frame 66
2023-Nov-20 02:42:27 [WARNING] Number of matches is less than 6, cannot compute Essential Matrix.

2023-Nov-20 02:42:27 [INFO] Detecting Matches Between Frame 66 and Frame 67
2023-Nov-20 02:42:28 [WARNING] Number of matches is less than 6, cannot compute Essential Matrix.

2023-Nov-20 02:42:28 [INFO] Detecting Matches Between Frame 67 and Frame 68
2023-Nov-20 02:42:28 [WARNING] Number of matches is less than 6, cannot compute Essential Matrix.

2023-Nov-20 02:42:28 [INFO] Detecting Matches Between Frame 68 and Frame 69
2023-Nov-20 02:42:28 [WARNING] Number of matches is less than 6, cannot compute Essential Matrix.

2023-Nov-20 02:42:28 [INFO] Detecting Matches Between Frame 69 and Frame 70
2023-Nov-20 02:42:28 [WARNING] Number of matches is less than 6, cannot compute Essential Matrix.

2023-Nov-20 02:42:28 [INFO] Detecting Matches Between Frame 70 and Frame 71
2023-Nov-20 02:42:29 [WARNING] Number of matches is less than 6, cannot compute Essential Matrix.

2023-Nov-20 02:42:29 [INFO] Detecting Matches Between Frame 71 and Frame 72
2023-Nov-20 02:42:29 [WARNING] Number of matches is less than 6, cannot compute Essential Matrix.

2023-Nov-20 02:42:29 [INFO] Detecting Matches Between Frame 72 and Frame 73
2023-Nov-20 02:42:29 [WARNING] Number of matches is less than 6, cannot compute Essential Matrix.

2023-Nov-20 02:42:29 [INFO] Detecting Matches Between Frame 73 and Frame 74
2023-Nov-20 02:42:29 [WARNING] Number of matches is less than 6, cannot compute Essential Matrix.

2023-Nov-20 02:42:29 [INFO] Detecting Matches Between Frame 74 and Frame 75
2023-Nov-20 02:42:29 [INFO] ----------------------------------------------------------------------------------

2023-Nov-20 02:42:29 [INFO] Number of Good Matches with Frame 75: 6

2023-Nov-20 02:42:29 [INFO] Rotation Matrix Shape (3, 3)

2023-Nov-20 02:42:29 [INFO] Rotation Matrix 
 [[ 9.92150037e-01 -1.25051176e-01 -7.12302592e-04]
 [ 1.25050904e-01  9.92150241e-01 -4.13492567e-04]
 [ 7.58418920e-04  3.21172583e-04  9.99999661e-01]] 

2023-Nov-20 02:42:29 [INFO] Translation Matrix Shape (3, 1)

2023-Nov-20 02:42:29 [INFO] Translation Matrix 
 [[-0.64520479]
 [-0.76398001]
 [-0.00673203]]

2023-Nov-20 02:42:29 [INFO] ----------------------------------------------------------------------------------

2023-Nov-20 02:42:29 [INFO] Detecting Matches Between Frame 75 and Frame 76
2023-Nov-20 02:42:30 [WARNING] Number of matches is less than 6, cannot compute Essential Matrix.

2023-Nov-20 02:42:30 [INFO] Detecting Matches Between Frame 76 and Frame 77
2023-Nov-20 02:42:30 [WARNING] Number of matches is less than 6, cannot compute Essential Matrix.

2023-Nov-20 02:42:30 [INFO] Detecting Matches Between Frame 77 and Frame 78
2023-Nov-20 02:42:30 [WARNING] Number of matches is less than 6, cannot compute Essential Matrix.

2023-Nov-20 02:42:30 [INFO] Detecting Matches Between Frame 78 and Frame 79
2023-Nov-20 02:42:30 [INFO] ----------------------------------------------------------------------------------

2023-Nov-20 02:42:30 [INFO] Number of Good Matches with Frame 79: 9

2023-Nov-20 02:42:30 [INFO] Rotation Matrix Shape (3, 3)

2023-Nov-20 02:42:30 [INFO] Rotation Matrix 
 [[ 9.99992150e-01  3.95994413e-03  1.39200560e-04]
 [-3.95990558e-03  9.99992121e-01 -2.76093623e-04]
 [-1.40292779e-04  2.75540234e-04  9.99999952e-01]] 

2023-Nov-20 02:42:30 [INFO] Translation Matrix Shape (3, 1)

2023-Nov-20 02:42:30 [INFO] Translation Matrix 
 [[-0.928282  ]
 [-0.3718519 ]
 [-0.00432288]]

2023-Nov-20 02:42:30 [INFO] ----------------------------------------------------------------------------------

2023-Nov-20 02:42:30 [INFO] Detecting Matches Between Frame 79 and Frame 80
2023-Nov-20 02:42:30 [WARNING] Number of matches is less than 6, cannot compute Essential Matrix.

2023-Nov-20 02:42:30 [INFO] Detecting Matches Between Frame 80 and Frame 81
2023-Nov-20 02:42:31 [WARNING] Number of matches is less than 6, cannot compute Essential Matrix.

2023-Nov-20 02:42:31 [INFO] Detecting Matches Between Frame 81 and Frame 82
2023-Nov-20 02:42:31 [INFO] ----------------------------------------------------------------------------------

2023-Nov-20 02:42:31 [INFO] Number of Good Matches with Frame 82: 12

2023-Nov-20 02:42:31 [INFO] Rotation Matrix Shape (3, 3)

2023-Nov-20 02:42:31 [INFO] Rotation Matrix 
 [[ 9.99306714e-01  3.72289066e-02  3.15409938e-04]
 [-3.72288835e-02  9.99306762e-01 -7.87321876e-05]
 [-3.18122397e-04  6.69352439e-05  9.99999947e-01]] 

2023-Nov-20 02:42:31 [INFO] Translation Matrix Shape (3, 1)

2023-Nov-20 02:42:31 [INFO] Translation Matrix 
 [[0.68425279]
 [0.72921363]
 [0.00675361]]

2023-Nov-20 02:42:31 [INFO] ----------------------------------------------------------------------------------

2023-Nov-20 02:42:31 [INFO] Detecting Matches Between Frame 82 and Frame 83
2023-Nov-20 02:42:31 [WARNING] Number of matches is less than 6, cannot compute Essential Matrix.

2023-Nov-20 02:42:31 [INFO] Detecting Matches Between Frame 83 and Frame 84
2023-Nov-20 02:42:31 [WARNING] Number of matches is less than 6, cannot compute Essential Matrix.

2023-Nov-20 02:42:31 [INFO] Detecting Matches Between Frame 84 and Frame 85
2023-Nov-20 02:42:32 [WARNING] Number of matches is less than 6, cannot compute Essential Matrix.

2023-Nov-20 02:42:32 [INFO] Detecting Matches Between Frame 85 and Frame 86
2023-Nov-20 02:42:32 [INFO] ----------------------------------------------------------------------------------

2023-Nov-20 02:42:32 [INFO] Number of Good Matches with Frame 86: 8

2023-Nov-20 02:42:32 [INFO] Rotation Matrix Shape (3, 3)

2023-Nov-20 02:42:32 [INFO] Rotation Matrix 
 [[ 0.75964912 -0.65030662 -0.00587434]
 [ 0.65030624  0.75966887 -0.00223574]
 [ 0.00591647 -0.00212175  0.99998025]] 

2023-Nov-20 02:42:32 [INFO] Translation Matrix Shape (3, 1)

2023-Nov-20 02:42:32 [INFO] Translation Matrix 
 [[ 0.70874985]
 [-0.70542994]
 [-0.00649954]]

2023-Nov-20 02:42:32 [INFO] ----------------------------------------------------------------------------------

2023-Nov-20 02:42:32 [INFO] Detecting Matches Between Frame 86 and Frame 87
2023-Nov-20 02:42:32 [INFO] ----------------------------------------------------------------------------------

2023-Nov-20 02:42:32 [INFO] Number of Good Matches with Frame 87: 6

2023-Nov-20 02:42:32 [INFO] Rotation Matrix Shape (3, 3)

2023-Nov-20 02:42:32 [INFO] Rotation Matrix 
 [[-0.28249874 -0.95926569  0.00194878]
 [-0.95910237  0.28248719  0.0179899 ]
 [-0.0178076   0.00321305 -0.99983627]] 

2023-Nov-20 02:42:32 [INFO] Translation Matrix Shape (3, 1)

2023-Nov-20 02:42:32 [INFO] Translation Matrix 
 [[0.80312257]
 [0.59569197]
 [0.01205043]]

2023-Nov-20 02:42:32 [INFO] ----------------------------------------------------------------------------------

2023-Nov-20 02:42:32 [INFO] Detecting Matches Between Frame 87 and Frame 88
2023-Nov-20 02:42:32 [WARNING] Number of matches is less than 6, cannot compute Essential Matrix.

2023-Nov-20 02:42:32 [INFO] Detecting Matches Between Frame 88 and Frame 89
2023-Nov-20 02:42:32 [WARNING] Number of matches is less than 6, cannot compute Essential Matrix.

2023-Nov-20 02:42:32 [INFO] Detecting Matches Between Frame 89 and Frame 90
2023-Nov-20 02:42:33 [WARNING] Number of matches is less than 6, cannot compute Essential Matrix.

2023-Nov-20 02:42:33 [INFO] Detecting Matches Between Frame 90 and Frame 91
2023-Nov-20 02:42:33 [INFO] ----------------------------------------------------------------------------------

2023-Nov-20 02:42:33 [INFO] Number of Good Matches with Frame 91: 21

2023-Nov-20 02:42:33 [INFO] Rotation Matrix Shape (3, 3)

2023-Nov-20 02:42:33 [INFO] Rotation Matrix 
 [[ 9.99908482e-01 -1.35282009e-02 -1.24761407e-04]
 [ 1.35282006e-02  9.99908490e-01 -3.67435867e-06]
 [ 1.24799698e-04  1.98622506e-06  9.99999992e-01]] 

2023-Nov-20 02:42:33 [INFO] Translation Matrix Shape (3, 1)

2023-Nov-20 02:42:33 [INFO] Translation Matrix 
 [[-0.86790482]
 [-0.49670849]
 [-0.0046783 ]]

2023-Nov-20 02:42:33 [INFO] ----------------------------------------------------------------------------------

2023-Nov-20 02:42:33 [INFO] Detecting Matches Between Frame 91 and Frame 92
2023-Nov-20 02:42:33 [INFO] ----------------------------------------------------------------------------------

2023-Nov-20 02:42:33 [INFO] Number of Good Matches with Frame 92: 10

2023-Nov-20 02:42:33 [INFO] Rotation Matrix Shape (3, 3)

2023-Nov-20 02:42:33 [INFO] Rotation Matrix 
 [[-0.66608811 -0.7458683  -0.00266732]
 [-0.7457956   0.66596313  0.01679375]
 [-0.01074959  0.01317539 -0.99985542]] 

2023-Nov-20 02:42:33 [INFO] Translation Matrix Shape (3, 1)

2023-Nov-20 02:42:33 [INFO] Translation Matrix 
 [[0.91079697]
 [0.41280839]
 [0.0061731 ]]

2023-Nov-20 02:42:33 [INFO] ----------------------------------------------------------------------------------

2023-Nov-20 02:42:33 [INFO] Detecting Matches Between Frame 92 and Frame 93
2023-Nov-20 02:42:33 [INFO] ----------------------------------------------------------------------------------

2023-Nov-20 02:42:33 [INFO] Number of Good Matches with Frame 93: 7

2023-Nov-20 02:42:33 [INFO] Rotation Matrix Shape (3, 3)

2023-Nov-20 02:42:33 [INFO] Rotation Matrix 
 [[-0.57594793 -0.81745719 -0.00690881]
 [-0.81746098  0.57584284  0.01275052]
 [-0.00644462  0.01299131 -0.99989484]] 

2023-Nov-20 02:42:33 [INFO] Translation Matrix Shape (3, 1)

2023-Nov-20 02:42:33 [INFO] Translation Matrix 
 [[0.8989348 ]
 [0.4380569 ]
 [0.00473022]]

2023-Nov-20 02:42:33 [INFO] ----------------------------------------------------------------------------------

2023-Nov-20 02:42:33 [INFO] Detecting Matches Between Frame 93 and Frame 94
2023-Nov-20 02:42:34 [WARNING] Number of matches is less than 6, cannot compute Essential Matrix.

2023-Nov-20 02:42:34 [INFO] Detecting Matches Between Frame 94 and Frame 95
2023-Nov-20 02:42:34 [WARNING] Number of matches is less than 6, cannot compute Essential Matrix.

2023-Nov-20 02:42:34 [INFO] Detecting Matches Between Frame 95 and Frame 96
2023-Nov-20 02:42:34 [WARNING] Number of matches is less than 6, cannot compute Essential Matrix.

2023-Nov-20 02:42:34 [INFO] Detecting Matches Between Frame 96 and Frame 97
2023-Nov-20 02:42:34 [WARNING] Number of matches is less than 6, cannot compute Essential Matrix.

2023-Nov-20 02:42:34 [INFO] Detecting Matches Between Frame 97 and Frame 98
2023-Nov-20 02:42:34 [INFO] ----------------------------------------------------------------------------------

2023-Nov-20 02:42:34 [INFO] Number of Good Matches with Frame 98: 6

2023-Nov-20 02:42:34 [INFO] Rotation Matrix Shape (3, 3)

2023-Nov-20 02:42:34 [INFO] Rotation Matrix 
 [[-0.51967869 -0.85431358 -0.00907539]
 [ 0.85434092 -0.51956245 -0.01250805]
 [ 0.00597056 -0.01425365  0.99988059]] 

2023-Nov-20 02:42:34 [INFO] Translation Matrix Shape (3, 1)

2023-Nov-20 02:42:34 [INFO] Translation Matrix 
 [[0.94968216]
 [0.31319363]
 [0.00367984]]

2023-Nov-20 02:42:34 [INFO] ----------------------------------------------------------------------------------

2023-Nov-20 02:42:34 [INFO] Detecting Matches Between Frame 98 and Frame 99
2023-Nov-20 02:42:35 [WARNING] Number of matches is less than 6, cannot compute Essential Matrix.

2023-Nov-20 02:42:35 [INFO] Detecting Matches Between Frame 99 and Frame 100
2023-Nov-20 02:42:35 [WARNING] Number of matches is less than 6, cannot compute Essential Matrix.

2023-Nov-20 02:42:35 [INFO] Detecting Matches Between Frame 100 and Frame 101
2023-Nov-20 02:42:35 [INFO] ----------------------------------------------------------------------------------

2023-Nov-20 02:42:35 [INFO] Number of Good Matches with Frame 101: 8

2023-Nov-20 02:42:35 [INFO] Rotation Matrix Shape (3, 3)

2023-Nov-20 02:42:35 [INFO] Rotation Matrix 
 [[ 9.98853183e-01  4.78781455e-02  5.36307342e-05]
 [-4.78781504e-02  9.98853179e-01  9.51692366e-05]
 [-4.90127028e-05 -9.76278352e-05  9.99999994e-01]] 

2023-Nov-20 02:42:35 [INFO] Translation Matrix Shape (3, 1)

2023-Nov-20 02:42:35 [INFO] Translation Matrix 
 [[-0.99544857]
 [-0.09524143]
 [-0.00334829]]

2023-Nov-20 02:42:35 [INFO] ----------------------------------------------------------------------------------

2023-Nov-20 02:42:35 [INFO] Detecting Matches Between Frame 101 and Frame 102
2023-Nov-20 02:42:35 [INFO] ----------------------------------------------------------------------------------

2023-Nov-20 02:42:35 [INFO] Number of Good Matches with Frame 102: 11

2023-Nov-20 02:42:35 [INFO] Rotation Matrix Shape (3, 3)

2023-Nov-20 02:42:35 [INFO] Rotation Matrix 
 [[ 9.99944807e-01 -1.05020304e-02  3.00658582e-04]
 [ 1.05021829e-02  9.99944720e-01 -5.10183649e-04]
 [-2.95283997e-04  5.13313062e-04  9.99999825e-01]] 

2023-Nov-20 02:42:35 [INFO] Translation Matrix Shape (3, 1)

2023-Nov-20 02:42:35 [INFO] Translation Matrix 
 [[0.81850634]
 [0.57446152]
 [0.00642868]]

2023-Nov-20 02:42:35 [INFO] ----------------------------------------------------------------------------------

2023-Nov-20 02:42:35 [INFO] Detecting Matches Between Frame 102 and Frame 103
2023-Nov-20 02:42:36 [INFO] ----------------------------------------------------------------------------------

2023-Nov-20 02:42:36 [INFO] Number of Good Matches with Frame 103: 30

2023-Nov-20 02:42:36 [INFO] Rotation Matrix Shape (3, 3)

2023-Nov-20 02:42:36 [INFO] Rotation Matrix 
 [[ 9.99967303e-01 -8.08623848e-03 -8.04386025e-05]
 [ 8.08623560e-03  9.99967305e-01 -3.61504153e-05]
 [ 8.07282934e-05  3.54987878e-05  9.99999996e-01]] 

2023-Nov-20 02:42:36 [INFO] Translation Matrix Shape (3, 1)

2023-Nov-20 02:42:36 [INFO] Translation Matrix 
 [[0.69737906]
 [0.71665687]
 [0.00808604]]

2023-Nov-20 02:42:36 [INFO] ----------------------------------------------------------------------------------

2023-Nov-20 02:42:36 [INFO] Detecting Matches Between Frame 103 and Frame 104
2023-Nov-20 02:42:36 [INFO] ----------------------------------------------------------------------------------

2023-Nov-20 02:42:36 [INFO] Number of Good Matches with Frame 104: 29

2023-Nov-20 02:42:36 [INFO] Rotation Matrix Shape (3, 3)

2023-Nov-20 02:42:36 [INFO] Rotation Matrix 
 [[ 1.00000000e+00  1.74243036e-14  1.35349501e-16]
 [-1.74243036e-14  1.00000000e+00  1.13050541e-16]
 [-1.35349501e-16  9.62485342e-16  1.00000000e+00]] 

2023-Nov-20 02:42:36 [INFO] Translation Matrix Shape (3, 1)

2023-Nov-20 02:42:36 [INFO] Translation Matrix 
 [[-1.00000000e+00]
 [ 8.08454499e-13]
 [ 7.71181009e-15]]

2023-Nov-20 02:42:36 [INFO] ----------------------------------------------------------------------------------

2023-Nov-20 02:42:36 [INFO] Detecting Matches Between Frame 104 and Frame 105
2023-Nov-20 02:42:36 [WARNING] Number of matches is less than 6, cannot compute Essential Matrix.

2023-Nov-20 02:42:36 [INFO] Detecting Matches Between Frame 105 and Frame 106
2023-Nov-20 02:42:36 [INFO] ----------------------------------------------------------------------------------

2023-Nov-20 02:42:36 [INFO] Number of Good Matches with Frame 106: 9

2023-Nov-20 02:42:36 [INFO] Rotation Matrix Shape (3, 3)

2023-Nov-20 02:42:36 [INFO] Rotation Matrix 
 [[-0.978086   -0.20456379 -0.03874824]
 [-0.20540991  0.97848685  0.01924186]
 [ 0.03397846  0.02677946 -0.99906372]] 

2023-Nov-20 02:42:36 [INFO] Translation Matrix Shape (3, 1)

2023-Nov-20 02:42:36 [INFO] Translation Matrix 
 [[ 0.99862041]
 [ 0.04782809]
 [-0.02167369]]

2023-Nov-20 02:42:36 [INFO] ----------------------------------------------------------------------------------

2023-Nov-20 02:42:36 [INFO] Detecting Matches Between Frame 106 and Frame 107
2023-Nov-20 02:42:36 [INFO] ----------------------------------------------------------------------------------

2023-Nov-20 02:42:36 [INFO] Number of Good Matches with Frame 107: 11

2023-Nov-20 02:42:36 [INFO] Rotation Matrix Shape (3, 3)

2023-Nov-20 02:42:36 [INFO] Rotation Matrix 
