------------------Frame 1------------------
Number of Matches with Frame 2: 69
Essential Matrix Shape (3, 3)
Essential Matrix 
 [[ 1.60615052e-05 -1.06142527e-03  1.30392944e-01]
 [ 8.55626321e-04  1.58583012e-04 -6.94979751e-01]
 [-1.19303068e-01  6.96968922e-01  2.05167976e-04]] 
Rotation Matrix Shape (3, 3)
Rotation Matrix 
 [[ 9.99873020e-01 -1.59336184e-02 -2.52864993e-04]
 [ 1.59336811e-02  9.99873020e-01  2.47771467e-04]
 [ 2.48884988e-04 -2.51769075e-04  9.99999937e-01]] 
Translation Matrix Shape (3, 1)
Translation Matrix 
 [[0.98284948]
 [0.18440384]
 [0.00145484]]
------------------Frame 2------------------
Number of Matches with Frame 3: 54
Essential Matrix Shape (3, 3)
Essential Matrix 
 [[-4.72877238e-04 -8.34110634e-03 -6.09717426e-01]
 [ 9.22045848e-03 -3.15601051e-04 -3.58011794e-01]
 [ 6.36813831e-01  3.07221474e-01  6.42963047e-04]] 
Rotation Matrix Shape (3, 3)
Rotation Matrix 
 [[ 9.96684620e-01 -8.13612479e-02  3.40048260e-04]
 [ 8.13607799e-02  9.96683973e-01  1.21680121e-03]
 [-4.37921116e-04 -1.18510046e-03  9.99999202e-01]] 
Translation Matrix Shape (3, 1)
Translation Matrix 
 [[ 0.50630991]
 [-0.86225569]
 [ 0.01286061]]
------------------Frame 3------------------
Number of Matches with Frame 4: 45
Essential Matrix Shape (3, 3)
Essential Matrix 
 [[ 4.83083447e-16 -3.23060382e-14 -7.07106781e-01]
 [ 3.14890428e-14 -1.72613815e-16 -4.03749164e-12]
 [ 7.07106781e-01  4.25712910e-12 -1.57818345e-15]] 
Rotation Matrix Shape (3, 3)
Rotation Matrix 
 [[ 1.00000000e+00  3.10614782e-13 -7.73686670e-16]
 [-3.10614264e-13  1.00000000e+00 -1.15540606e-15]
 [ 7.73686671e-16  1.09270099e-15  1.00000000e+00]] 
Translation Matrix Shape (3, 1)
Translation Matrix 
 [[-5.70987492e-12]
 [ 1.00000000e+00]
 [-4.45949364e-14]]
------------------Frame 4------------------
Number of Matches with Frame 5: 24
Essential Matrix Shape (3, 3)
Essential Matrix 
 [[ 2.06101664e-05  1.28828556e-02 -4.83146405e-01]
 [-1.25003734e-02 -6.87266677e-05  5.16146893e-01]
 [ 4.76190116e-01 -5.22572987e-01 -3.88364176e-04]] 
Rotation Matrix Shape (3, 3)
Rotation Matrix 
 [[ 9.99910106e-01 -1.34045259e-02 -3.14770548e-04]
 [ 1.34046693e-02  9.99910049e-01  4.57784132e-04]
 [ 3.08605855e-04 -4.61962375e-04  9.99999846e-01]] 
Translation Matrix Shape (3, 1)
Translation Matrix 
 [[-0.72993641]
 [-0.6832805 ]
 [-0.01790507]]
------------------Frame 5------------------
Number of Matches with Frame 6: 72
Essential Matrix Shape (3, 3)
Essential Matrix 
 [[ 3.86061546e-18 -8.41121326e-17 -7.07106781e-01]
 [ 7.88551244e-17  1.13764945e-17 -1.35420534e-14]
 [ 7.07106781e-01  1.32897170e-14  8.41121326e-17]] 
Rotation Matrix Shape (3, 3)
Rotation Matrix 
 [[ 1.00000000e+00  3.75715456e-16  5.45973475e-18]
 [ 3.56857556e-16  1.00000000e+00 -7.43453242e-18]
 [-1.18952519e-16 -7.60523143e-16  1.00000000e+00]] 
Translation Matrix Shape (3, 1)
Translation Matrix 
 [[-1.84187825e-14]
 [ 1.00000000e+00]
 [-8.79475662e-16]]
------------------Frame 6------------------
Number of Matches with Frame 7: 74
Essential Matrix Shape (3, 3)
Essential Matrix 
 [[ 5.53688668e-06  8.18946007e-03 -6.83136350e-01]
 [-8.02170430e-03 -1.18485563e-04  1.82365936e-01]
 [ 6.84673096e-01 -1.76518312e-01  2.56850594e-05]] 
Rotation Matrix Shape (3, 3)
Rotation Matrix 
 [[ 9.99963429e-01  8.55147453e-03  1.10620147e-04]
 [-8.55150452e-03  9.99963398e-01  2.73535652e-04]
 [-1.08276965e-04 -2.74471617e-04  9.99999956e-01]] 
Translation Matrix Shape (3, 1)
Translation Matrix 
 [[0.25790564]
 [0.96610383]
 [0.01131689]]
------------------Frame 7------------------
Number of Matches with Frame 8: 64
Essential Matrix Shape (3, 3)
Essential Matrix 
 [[ 4.20261293e-05 -5.76842111e-03  3.10230644e-01]
 [ 5.51192238e-03  1.29637742e-04 -6.35394042e-01]
 [-3.05502669e-01  6.37679966e-01  2.55471366e-04]] 
Rotation Matrix Shape (3, 3)
Rotation Matrix 
 [[ 9.99972360e-01 -7.42989912e-03 -2.73614990e-04]
 [ 7.42997259e-03  9.99972361e-01  2.68475278e-04]
 [ 2.71612684e-04 -2.70500809e-04  9.99999927e-01]] 
Translation Matrix Shape (3, 1)
Translation Matrix 
 [[-0.89858074]
 [-0.43873457]
 [-0.00803932]]
------------------Frame 8------------------
Number of Matches with Frame 9: 56
Essential Matrix Shape (3, 3)
Essential Matrix 
 [[-4.55173910e-05 -3.95605707e-03  3.83125671e-01]
 [ 3.93456858e-03 -9.21195003e-06 -5.94305527e-01]
 [-3.76355878e-01  5.98615719e-01  3.48325395e-05]] 
Rotation Matrix Shape (3, 3)
Rotation Matrix 
 [[ 9.99935587e-01 -1.13499689e-02  1.60087002e-06]
 [ 1.13499688e-02  9.99935585e-01  5.96425108e-05]
 [-2.27770754e-06 -5.96204993e-05  9.99999998e-01]] 
Translation Matrix Shape (3, 1)
Translation Matrix 
 [[0.84047495]
 [0.54182185]
 [0.00556276]]
------------------Frame 9------------------
Number of Matches with Frame 10: 58
Essential Matrix Shape (3, 3)
Essential Matrix 
 [[ 9.98726523e-07  4.06734787e-03 -4.14955041e-01]
 [-3.93158715e-03 -4.92812534e-05  5.72534965e-01]
 [ 4.08022454e-01 -5.77496044e-01 -1.44722895e-04]] 
Rotation Matrix Shape (3, 3)
Rotation Matrix 
 [[ 9.99927304e-01 -1.20570799e-02 -1.15775638e-04]
 [ 1.20570994e-02  9.99927296e-01  1.68865158e-04]
 [ 1.13731200e-04 -1.70248801e-04  9.99999979e-01]] 
Translation Matrix Shape (3, 1)
Translation Matrix 
 [[-0.80968608]
 [-0.58683601]
 [-0.0056526 ]]
------------------Frame 10------------------
Number of Matches with Frame 11: 38
Essential Matrix Shape (3, 3)
Essential Matrix 
 [[-8.09732155e-07  5.29925920e-03 -3.97035492e-01]
 [-5.13758262e-03 -4.57766696e-05  5.85094581e-01]
 [ 3.90280047e-01 -5.89622021e-01 -1.66634375e-04]] 
Rotation Matrix Shape (3, 3)
Rotation Matrix 
 [[ 9.99933831e-01 -1.15026087e-02 -1.55565397e-04]
 [ 1.15026366e-02  9.99933826e-01  1.79234930e-04]
 [ 1.53493433e-04 -1.81012482e-04  9.99999972e-01]] 
Translation Matrix Shape (3, 1)
Translation Matrix 
 [[-0.82744756]
 [-0.56149432]
 [-0.00739314]]
------------------Frame 11------------------
Number of Matches with Frame 12: 67
Essential Matrix Shape (3, 3)
Essential Matrix 
 [[ 1.18366739e-05 -3.13366010e-03  2.71808418e-01]
 [ 3.00996686e-03  1.52680220e-04 -6.52771535e-01]
 [-2.69412508e-01  6.53764077e-01  1.87055181e-04]] 
Rotation Matrix Shape (3, 3)
Rotation Matrix 
 [[ 9.99993266e-01 -3.66873316e-03 -8.58441291e-05]
 [ 3.66875459e-03  9.99993239e-01  2.50810596e-04]
 [ 8.49233915e-05 -2.51123848e-04  9.99999965e-01]] 
Translation Matrix Shape (3, 1)
Translation Matrix 
 [[-0.92315802]
 [-0.38439625]
 [-0.00433516]]
------------------Frame 12------------------
Number of Matches with Frame 13: 70
Essential Matrix Shape (3, 3)
Essential Matrix 
 [[-3.77865900e-06  5.39523761e-03 -6.88293296e-01]
 [-5.26891494e-03  4.86055285e-05  1.61936489e-01]
 [ 6.85959856e-01 -1.71554960e-01 -1.04457600e-04]] 
Rotation Matrix Shape (3, 3)
Rotation Matrix 
 [[ 9.99902012e-01 -1.39982976e-02 -1.15216044e-04]
 [ 1.39983154e-02  9.99902007e-01  1.55339713e-04]
 [ 1.13030262e-04 -1.56937323e-04  9.99999981e-01]] 
Translation Matrix Shape (3, 1)
Translation Matrix 
 [[-0.22901192]
 [-0.97339489]
 [-0.00747799]]
------------------Frame 13------------------
Number of Matches with Frame 14: 24
Essential Matrix Shape (3, 3)
Essential Matrix 
 [[ 2.26097659e-06  4.54058180e-03 -4.73090093e-01]
 [-4.71232745e-03  3.28382873e-04 -5.25511881e-01]
 [ 4.99963362e-01  5.00016708e-01 -1.54395375e-04]] 
Rotation Matrix Shape (3, 3)
Rotation Matrix 
 [[ 9.98627568e-01 -5.23711030e-02 -4.97870082e-04]
 [ 5.23711856e-02  9.98627676e-01  1.54405738e-04]
 [ 4.89100444e-04 -1.80267873e-04  9.99999864e-01]] 
Translation Matrix Shape (3, 1)
Translation Matrix 
 [[ 0.74318927]
 [-0.66905149]
 [-0.0063094 ]]
------------------Frame 14------------------
Number of Matches with Frame 15: 56
Essential Matrix Shape (3, 3)
Essential Matrix 
 [[ 1.41642654e-05  2.10054294e-04 -5.63183765e-01]
 [-1.80261042e-04  8.87544241e-06 -4.27579241e-01]
 [ 5.55278003e-01  4.37797100e-01  3.01668287e-05]] 
Rotation Matrix Shape (3, 3)
Rotation Matrix 
 [[ 9.99833094e-01  1.82697567e-02  3.19603355e-05]
 [-1.82697576e-02  9.99833094e-01  2.84562144e-05]
 [-3.14351130e-05 -2.90353725e-05  9.99999999e-01]] 
Translation Matrix Shape (3, 1)
Translation Matrix 
 [[-6.04688354e-01]
 [ 7.96462127e-01]
 [ 2.73981786e-04]]
------------------Frame 15------------------
Number of Matches with Frame 16: 21
Essential Matrix Shape (3, 3)
Essential Matrix 
 [[ 2.38603848e-04  5.55193738e-03 -3.41645773e-01]
 [-7.69747639e-03  2.89439138e-03 -6.19037216e-01]
 [ 5.30448282e-01  4.67541326e-01 -1.51993305e-03]] 
Rotation Matrix Shape (3, 3)
Rotation Matrix 
 [[ 9.41378978e-01 -3.37316392e-01 -4.82412770e-03]
 [ 3.37321250e-01  9.41389575e-01  2.07140224e-04]
 [ 4.47151173e-03 -1.82227824e-03  9.99988342e-01]] 
Translation Matrix Shape (3, 1)
Translation Matrix 
 [[ 0.87549676]
 [-0.48316725]
 [-0.00740518]]
------------------Frame 16------------------
Number of Matches with Frame 17: 0
Number of matches is less than 6, cannot compute Essential Matrix.
------------------Frame 17------------------
Number of Matches with Frame 18: 0
Number of matches is less than 6, cannot compute Essential Matrix.
------------------Frame 18------------------
Descriptor length is less than 2, the size of the kd-tree cannot be less than 2.
Number of Matches with Frame 19: 0
Number of matches is less than 6, cannot compute Essential Matrix.
------------------Frame 19------------------
One of the descriptors is None, cannot compute matches.
Number of Matches with Frame 20: 0
Number of matches is less than 6, cannot compute Essential Matrix.
------------------Frame 20------------------
One of the descriptors is None, cannot compute matches.
Number of Matches with Frame 21: 0
Number of matches is less than 6, cannot compute Essential Matrix.
------------------Frame 21------------------
One of the descriptors is None, cannot compute matches.
Number of Matches with Frame 22: 0
Number of matches is less than 6, cannot compute Essential Matrix.
------------------Frame 22------------------
One of the descriptors is None, cannot compute matches.
Number of Matches with Frame 23: 0
Number of matches is less than 6, cannot compute Essential Matrix.
------------------Frame 23------------------
One of the descriptors is None, cannot compute matches.
Number of Matches with Frame 24: 0
Number of matches is less than 6, cannot compute Essential Matrix.
------------------Frame 24------------------
One of the descriptors is None, cannot compute matches.
Number of Matches with Frame 25: 0
Number of matches is less than 6, cannot compute Essential Matrix.
------------------Frame 25------------------
One of the descriptors is None, cannot compute matches.
Number of Matches with Frame 26: 0
Number of matches is less than 6, cannot compute Essential Matrix.
------------------Frame 26------------------
One of the descriptors is None, cannot compute matches.
Number of Matches with Frame 27: 0
Number of matches is less than 6, cannot compute Essential Matrix.
------------------Frame 27------------------
One of the descriptors is None, cannot compute matches.
Number of Matches with Frame 28: 0
Number of matches is less than 6, cannot compute Essential Matrix.
------------------Frame 28------------------
One of the descriptors is None, cannot compute matches.
Number of Matches with Frame 29: 0
Number of matches is less than 6, cannot compute Essential Matrix.
------------------Frame 29------------------
One of the descriptors is None, cannot compute matches.
Number of Matches with Frame 30: 0
Number of matches is less than 6, cannot compute Essential Matrix.
------------------Frame 30------------------
One of the descriptors is None, cannot compute matches.
Number of Matches with Frame 31: 0
Number of matches is less than 6, cannot compute Essential Matrix.
------------------Frame 31------------------
One of the descriptors is None, cannot compute matches.
Number of Matches with Frame 32: 0
Number of matches is less than 6, cannot compute Essential Matrix.
------------------Frame 32------------------
One of the descriptors is None, cannot compute matches.
Number of Matches with Frame 33: 0
Number of matches is less than 6, cannot compute Essential Matrix.
------------------Frame 33------------------
One of the descriptors is None, cannot compute matches.
Number of Matches with Frame 34: 0
Number of matches is less than 6, cannot compute Essential Matrix.
------------------Frame 34------------------
One of the descriptors is None, cannot compute matches.
Number of Matches with Frame 35: 0
Number of matches is less than 6, cannot compute Essential Matrix.
------------------Frame 35------------------
One of the descriptors is None, cannot compute matches.
Number of Matches with Frame 36: 0
Number of matches is less than 6, cannot compute Essential Matrix.
------------------Frame 36------------------
One of the descriptors is None, cannot compute matches.
Number of Matches with Frame 37: 0
Number of matches is less than 6, cannot compute Essential Matrix.
------------------Frame 37------------------
One of the descriptors is None, cannot compute matches.
Number of Matches with Frame 38: 0
Number of matches is less than 6, cannot compute Essential Matrix.
------------------Frame 38------------------
One of the descriptors is None, cannot compute matches.
Number of Matches with Frame 39: 0
Number of matches is less than 6, cannot compute Essential Matrix.
------------------Frame 39------------------
One of the descriptors is None, cannot compute matches.
Number of Matches with Frame 40: 0
Number of matches is less than 6, cannot compute Essential Matrix.
------------------Frame 40------------------
One of the descriptors is None, cannot compute matches.
Number of Matches with Frame 41: 0
Number of matches is less than 6, cannot compute Essential Matrix.
------------------Frame 41------------------
One of the descriptors is None, cannot compute matches.
Number of Matches with Frame 42: 0
Number of matches is less than 6, cannot compute Essential Matrix.
------------------Frame 42------------------
One of the descriptors is None, cannot compute matches.
Number of Matches with Frame 43: 0
Number of matches is less than 6, cannot compute Essential Matrix.
------------------Frame 43------------------
One of the descriptors is None, cannot compute matches.
Number of Matches with Frame 44: 0
Number of matches is less than 6, cannot compute Essential Matrix.
------------------Frame 44------------------
One of the descriptors is None, cannot compute matches.
Number of Matches with Frame 45: 0
Number of matches is less than 6, cannot compute Essential Matrix.
------------------Frame 45------------------
One of the descriptors is None, cannot compute matches.
Number of Matches with Frame 46: 0
Number of matches is less than 6, cannot compute Essential Matrix.
------------------Frame 46------------------
One of the descriptors is None, cannot compute matches.
Number of Matches with Frame 47: 0
Number of matches is less than 6, cannot compute Essential Matrix.
------------------Frame 47------------------
One of the descriptors is None, cannot compute matches.
Number of Matches with Frame 48: 0
Number of matches is less than 6, cannot compute Essential Matrix.
------------------Frame 48------------------
One of the descriptors is None, cannot compute matches.
Number of Matches with Frame 49: 0
Number of matches is less than 6, cannot compute Essential Matrix.
------------------Frame 49------------------
One of the descriptors is None, cannot compute matches.
Number of Matches with Frame 50: 0
Number of matches is less than 6, cannot compute Essential Matrix.
------------------Frame 50------------------
One of the descriptors is None, cannot compute matches.
Number of Matches with Frame 51: 0
Number of matches is less than 6, cannot compute Essential Matrix.
------------------Frame 51------------------
One of the descriptors is None, cannot compute matches.
Number of Matches with Frame 52: 0
Number of matches is less than 6, cannot compute Essential Matrix.
------------------Frame 52------------------
Number of Matches with Frame 53: 3
Number of matches is less than 6, cannot compute Essential Matrix.
------------------Frame 53------------------
Number of Matches with Frame 54: 6
Essential Matrix Shape (3, 3)
Essential Matrix 
 [[-0.00331404  0.00361377  0.23313971]
 [ 0.00412766 -0.00164361 -0.66754283]
 [ 0.3708271  -0.60203936  0.00495255]] 
Rotation Matrix Shape (3, 3)
Rotation Matrix 
 [[-0.9766918  -0.2143866  -0.01056041]
 [ 0.21435858 -0.97674791  0.00373038]
 [-0.0111146   0.00137972  0.99993728]] 
Translation Matrix Shape (3, 1)
Translation Matrix 
 [[0.94405702]
 [0.32974781]
 [0.00476652]]
------------------Frame 54------------------
Number of Matches with Frame 55: 4
Number of matches is less than 6, cannot compute Essential Matrix.
------------------Frame 55------------------
Number of Matches with Frame 56: 3
Number of matches is less than 6, cannot compute Essential Matrix.
------------------Frame 56------------------
Number of Matches with Frame 57: 5
Number of matches is less than 6, cannot compute Essential Matrix.
------------------Frame 57------------------
Number of Matches with Frame 58: 0
Number of matches is less than 6, cannot compute Essential Matrix.
------------------Frame 58------------------
Number of Matches with Frame 59: 2
Number of matches is less than 6, cannot compute Essential Matrix.
------------------Frame 59------------------
Number of Matches with Frame 60: 0
Number of matches is less than 6, cannot compute Essential Matrix.
------------------Frame 60------------------
Number of Matches with Frame 61: 0
Number of matches is less than 6, cannot compute Essential Matrix.
------------------Frame 61------------------
Number of Matches with Frame 62: 0
Number of matches is less than 6, cannot compute Essential Matrix.
------------------Frame 62------------------
Number of Matches with Frame 63: 4
Number of matches is less than 6, cannot compute Essential Matrix.
------------------Frame 63------------------
Number of Matches with Frame 64: 3
Number of matches is less than 6, cannot compute Essential Matrix.
------------------Frame 64------------------
Number of Matches with Frame 65: 1
Number of matches is less than 6, cannot compute Essential Matrix.
------------------Frame 65------------------
Number of Matches with Frame 66: 4
Number of matches is less than 6, cannot compute Essential Matrix.
------------------Frame 66------------------
Number of Matches with Frame 67: 1
Number of matches is less than 6, cannot compute Essential Matrix.
------------------Frame 67------------------
Number of Matches with Frame 68: 3
Number of matches is less than 6, cannot compute Essential Matrix.
------------------Frame 68------------------
Number of Matches with Frame 69: 1
Number of matches is less than 6, cannot compute Essential Matrix.
------------------Frame 69------------------
Number of Matches with Frame 70: 5
Number of matches is less than 6, cannot compute Essential Matrix.
------------------Frame 70------------------
Number of Matches with Frame 71: 5
Number of matches is less than 6, cannot compute Essential Matrix.
------------------Frame 71------------------
Number of Matches with Frame 72: 1
Number of matches is less than 6, cannot compute Essential Matrix.
------------------Frame 72------------------
Number of Matches with Frame 73: 2
Number of matches is less than 6, cannot compute Essential Matrix.
------------------Frame 73------------------
Number of Matches with Frame 74: 4
Number of matches is less than 6, cannot compute Essential Matrix.
------------------Frame 74------------------
Number of Matches with Frame 75: 6
Essential Matrix Shape (3, 3)
Essential Matrix 
 [[ 1.85565760e-04  4.54939513e-03 -5.40217230e-01]
 [-4.37688408e-03  7.41804810e-04  4.56231920e-01]
 [ 4.78922965e-01 -5.20201976e-01 -1.96149692e-04]] 
Rotation Matrix Shape (3, 3)
Rotation Matrix 
 [[ 9.92150037e-01 -1.25051176e-01 -7.12302592e-04]
 [ 1.25050904e-01  9.92150241e-01 -4.13492567e-04]
 [ 7.58418920e-04  3.21172583e-04  9.99999661e-01]] 
Translation Matrix Shape (3, 1)
Translation Matrix 
 [[-0.64520479]
 [-0.76398001]
 [-0.00673203]]
------------------Frame 75------------------
Number of Matches with Frame 76: 2
Number of matches is less than 6, cannot compute Essential Matrix.
------------------Frame 76------------------
Number of Matches with Frame 77: 3
Number of matches is less than 6, cannot compute Essential Matrix.
------------------Frame 77------------------
Number of Matches with Frame 78: 1
Number of matches is less than 6, cannot compute Essential Matrix.
------------------Frame 78------------------
Number of Matches with Frame 79: 9
Essential Matrix Shape (3, 3)
Essential Matrix 
 [[-2.47840447e-05 -2.98426478e-03  2.62939832e-01]
 [ 3.14880255e-03 -1.68758578e-04 -6.56394042e-01]
 [-2.65536197e-01  6.55348104e-01 -2.17827591e-04]] 
Rotation Matrix Shape (3, 3)
Rotation Matrix 
 [[ 9.99992150e-01  3.95994413e-03  1.39200560e-04]
 [-3.95990558e-03  9.99992121e-01 -2.76093623e-04]
 [-1.40292779e-04  2.75540234e-04  9.99999952e-01]] 
Translation Matrix Shape (3, 1)
Translation Matrix 
 [[-0.928282  ]
 [-0.3718519 ]
 [-0.00432288]]
------------------Frame 79------------------
Number of Matches with Frame 80: 4
Number of matches is less than 6, cannot compute Essential Matrix.
------------------Frame 80------------------
Number of Matches with Frame 81: 2
Number of matches is less than 6, cannot compute Essential Matrix.
------------------Frame 81------------------
Number of Matches with Frame 82: 12
Essential Matrix Shape (3, 3)
Essential Matrix 
 [[ 1.37534451e-05 -4.73770147e-03  5.15632248e-01]
 [ 4.92613547e-03  1.45401677e-04 -4.83838254e-01]
 [-5.33287234e-01  4.64307958e-01 -2.00729190e-04]] 
Rotation Matrix Shape (3, 3)
Rotation Matrix 
 [[ 9.99306714e-01  3.72289066e-02  3.15409938e-04]
 [-3.72288835e-02  9.99306762e-01 -7.87321876e-05]
 [-3.18122397e-04  6.69352439e-05  9.99999947e-01]] 
Translation Matrix Shape (3, 1)
Translation Matrix 
 [[0.68425279]
 [0.72921363]
 [0.00675361]]
------------------Frame 82------------------
Number of Matches with Frame 83: 0
Number of matches is less than 6, cannot compute Essential Matrix.
------------------Frame 83------------------
Number of Matches with Frame 84: 0
Number of matches is less than 6, cannot compute Essential Matrix.
------------------Frame 84------------------
Number of Matches with Frame 85: 3
Number of matches is less than 6, cannot compute Essential Matrix.
------------------Frame 85------------------
Number of Matches with Frame 86: 8
Essential Matrix Shape (3, 3)
Essential Matrix 
 [[ 3.75009109e-05  4.54969442e-03 -4.98814717e-01]
 [-6.45635477e-03  4.05206100e-03 -5.01124930e-01]
 [ 7.04832505e-01  5.63348003e-02 -4.05067209e-03]] 
Rotation Matrix Shape (3, 3)
Rotation Matrix 
 [[ 0.75964912 -0.65030662 -0.00587434]
 [ 0.65030624  0.75966887 -0.00223574]
 [ 0.00591647 -0.00212175  0.99998025]] 
Translation Matrix Shape (3, 1)
Translation Matrix 
 [[ 0.70874985]
 [-0.70542994]
 [-0.00649954]]
------------------Frame 86------------------
Number of Matches with Frame 87: 6
Essential Matrix Shape (3, 3)
Essential Matrix 
 [[-0.00067158  0.00105366  0.42130216]
 [-0.00770566  0.00999852 -0.56781704]
 [ 0.42567441 -0.56448243 -0.00939549]] 
Rotation Matrix Shape (3, 3)
Rotation Matrix 
 [[-0.28249874 -0.95926569  0.00194878]
 [-0.95910237  0.28248719  0.0179899 ]
 [-0.0178076   0.00321305 -0.99983627]] 
Translation Matrix Shape (3, 1)
Translation Matrix 
 [[0.80312257]
 [0.59569197]
 [0.01205043]]
------------------Frame 87------------------
Number of Matches with Frame 88: 4
Number of matches is less than 6, cannot compute Essential Matrix.
------------------Frame 88------------------
Number of Matches with Frame 89: 4
Number of matches is less than 6, cannot compute Essential Matrix.
------------------Frame 89------------------
Number of Matches with Frame 90: 4
Number of matches is less than 6, cannot compute Essential Matrix.
------------------Frame 90------------------
Number of Matches with Frame 91: 21
Essential Matrix Shape (3, 3)
Essential Matrix 
 [[-9.19202264e-07 -3.30705928e-03  3.51225954e-01]
 [ 3.23116712e-03 -4.59710442e-05 -6.13701795e-01]
 [-3.42891526e-01  6.18396682e-01  4.15644841e-05]] 
Rotation Matrix Shape (3, 3)
Rotation Matrix 
 [[ 9.99908482e-01 -1.35282009e-02 -1.24761407e-04]
 [ 1.35282006e-02  9.99908490e-01 -3.67435867e-06]
 [ 1.24799698e-04  1.98622506e-06  9.99999992e-01]] 
Translation Matrix Shape (3, 1)
Translation Matrix 
 [[-0.86790482]
 [-0.49670849]
 [-0.0046783 ]]
------------------Frame 91------------------
Number of Matches with Frame 92: 10
Essential Matrix Shape (3, 3)
Essential Matrix 
 [[-1.17625874e-04 -9.38935609e-04  2.91930714e-01]
 [-4.01556485e-03  1.17410979e-02 -6.43925957e-01]
 [ 2.85884412e-01 -6.46619379e-01 -1.15942768e-02]] 
Rotation Matrix Shape (3, 3)
Rotation Matrix 
 [[-0.66608811 -0.7458683  -0.00266732]
 [-0.7457956   0.66596313  0.01679375]
 [-0.01074959  0.01317539 -0.99985542]] 
Translation Matrix Shape (3, 1)
Translation Matrix 
 [[0.91079697]
 [0.41280839]
 [0.0061731 ]]
------------------Frame 92------------------
Number of Matches with Frame 93: 7
Essential Matrix Shape (3, 3)
Essential Matrix 
 [[-0.00073798 -0.00209804  0.30976308]
 [-0.00217006  0.01099204 -0.63555294]
 [ 0.34121166 -0.61924023 -0.0102448 ]] 
Rotation Matrix Shape (3, 3)
Rotation Matrix 
 [[-0.57594793 -0.81745719 -0.00690881]
 [-0.81746098  0.57584284  0.01275052]
 [-0.00644462  0.01299131 -0.99989484]] 
Translation Matrix Shape (3, 1)
Translation Matrix 
 [[0.8989348 ]
 [0.4380569 ]
 [0.00473022]]
------------------Frame 93------------------
Number of Matches with Frame 94: 2
Number of matches is less than 6, cannot compute Essential Matrix.
------------------Frame 94------------------
Number of Matches with Frame 95: 4
Number of matches is less than 6, cannot compute Essential Matrix.
------------------Frame 95------------------
Number of Matches with Frame 96: 4
Number of matches is less than 6, cannot compute Essential Matrix.
------------------Frame 96------------------
Number of Matches with Frame 97: 2
Number of matches is less than 6, cannot compute Essential Matrix.
------------------Frame 97------------------
Number of Matches with Frame 98: 6
Essential Matrix Shape (3, 3)
Essential Matrix 
 [[-0.00090078 -0.00180471  0.22146744]
 [-0.00536162  0.00734875 -0.67147012]
 [ 0.68880148 -0.15970262 -0.00638964]] 
Rotation Matrix Shape (3, 3)
Rotation Matrix 
 [[-0.51967869 -0.85431358 -0.00907539]
 [ 0.85434092 -0.51956245 -0.01250805]
 [ 0.00597056 -0.01425365  0.99988059]] 
Translation Matrix Shape (3, 1)
Translation Matrix 
 [[0.94968216]
 [0.31319363]
 [0.00367984]]
------------------Frame 98------------------
Number of Matches with Frame 99: 3
Number of matches is less than 6, cannot compute Essential Matrix.
------------------Frame 99------------------
Number of Matches with Frame 100: 0
Number of matches is less than 6, cannot compute Essential Matrix.
------------------Frame 100------------------
Number of Matches with Frame 101: 8
Essential Matrix Shape (3, 3)
Essential Matrix 
 [[-1.10055294e-04  2.37145520e-03 -6.73456354e-02]
 [-2.39937985e-03 -1.82075189e-04  7.03888304e-01]
 [ 1.00969504e-01 -6.99856807e-01 -6.33767170e-05]] 
Rotation Matrix Shape (3, 3)
Rotation Matrix 
 [[ 9.98853183e-01  4.78781455e-02  5.36307342e-05]
 [-4.78781504e-02  9.98853179e-01  9.51692366e-05]
 [-4.90127028e-05 -9.76278352e-05  9.99999994e-01]] 
Translation Matrix Shape (3, 1)
Translation Matrix 
 [[-0.99544857]
 [-0.09524143]
 [-0.00334829]]
------------------Frame 101------------------
Number of Matches with Frame 102: 11
Essential Matrix Shape (3, 3)
Essential Matrix 
 [[ 1.67686428e-04  4.33699804e-03 -4.06207887e-01]
 [-4.71641102e-03  3.44830621e-04  5.78769916e-01]
 [ 4.00104856e-01 -5.83005374e-01  4.17408908e-04]] 
Rotation Matrix Shape (3, 3)
Rotation Matrix 
 [[ 9.99944807e-01 -1.05020304e-02  3.00658582e-04]
 [ 1.05021829e-02  9.99944720e-01 -5.10183649e-04]
 [-2.95283997e-04  5.13313062e-04  9.99999825e-01]] 
Translation Matrix Shape (3, 1)
Translation Matrix 
 [[0.81850634]
 [0.57446152]
 [0.00642868]]
------------------Frame 102------------------
Number of Matches with Frame 103: 30
Essential Matrix Shape (3, 3)
Essential Matrix 
 [[ 5.32529116e-06  5.69951419e-03 -5.06753135e-01]
 [-5.67769444e-03  6.37398210e-05  4.93121920e-01]
 [ 5.02748864e-01 -4.97203064e-01 -2.29359519e-05]] 
Rotation Matrix Shape (3, 3)
Rotation Matrix 
 [[ 9.99967303e-01 -8.08623848e-03 -8.04386025e-05]
 [ 8.08623560e-03  9.99967305e-01 -3.61504153e-05]
 [ 8.07282934e-05  3.54987878e-05  9.99999996e-01]] 
Translation Matrix Shape (3, 1)
Translation Matrix 
 [[0.69737906]
 [0.71665687]
 [0.00808604]]
------------------Frame 103------------------
Number of Matches with Frame 104: 29
Essential Matrix Shape (3, 3)
Essential Matrix 
 [[ 7.18486673e-18  5.45307321e-15 -5.71663658e-13]
 [-5.35736666e-15  7.99388044e-17 -7.07106781e-01]
 [ 5.59342815e-13  7.07106781e-01 -6.80579912e-16]] 
Rotation Matrix Shape (3, 3)
Rotation Matrix 
 [[ 1.00000000e+00  1.74243036e-14  1.35349501e-16]
 [-1.74243036e-14  1.00000000e+00  1.13050541e-16]
 [-1.35349501e-16  9.62485342e-16  1.00000000e+00]] 
Translation Matrix Shape (3, 1)
Translation Matrix 
 [[-1.00000000e+00]
 [ 8.08454499e-13]
 [ 7.71181009e-15]]
------------------Frame 104------------------
Number of Matches with Frame 105: 3
Number of matches is less than 6, cannot compute Essential Matrix.
------------------Frame 105------------------
Number of Matches with Frame 106: 9
Essential Matrix Shape (3, 3)
Essential Matrix 
 [[-0.0019989   0.01590158 -0.03349301]
 [-0.00900348 -0.01577475  0.70606395]
 [-0.11196792  0.69785844  0.01489773]] 
Rotation Matrix Shape (3, 3)
Rotation Matrix 
 [[-0.978086   -0.20456379 -0.03874824]
 [-0.20540991  0.97848685  0.01924186]
 [ 0.03397846  0.02677946 -0.99906372]] 
Translation Matrix Shape (3, 1)
Translation Matrix 
 [[ 0.99862041]
 [ 0.04782809]
 [-0.02167369]]
------------------Frame 106------------------
Number of Matches with Frame 107: 11
Essential Matrix Shape (3, 3)
Essential Matrix 
 [[ 5.92513429e-04  3.96978163e-03 -2.35475068e-01]
 [-1.63780762e-03 -1.13510700e-02  6.66636223e-01]
 [-2.34885210e-01  6.66868109e-01  1.07639133e-02]] 
Rotation Matrix Shape (3, 3)
Rotation Matrix 
 [[-0.77872608 -0.62723887 -0.01253384]
 [-0.62735945  0.77864166  0.01171692]
 [ 0.00241006  0.01698749 -0.9998528 ]] 
Translation Matrix Shape (3, 1)
Translation Matrix 
 [[9.42905491e-01]
 [3.33060404e-01]
 [5.61776427e-05]]
------------------Frame 107------------------
Number of Matches with Frame 108: 8
Essential Matrix Shape (3, 3)
Essential Matrix 
 [[-0.00096751 -0.01203016  0.38018966]
 [ 0.00654454  0.01060678 -0.59597133]
 [ 0.36805918 -0.60365974 -0.01001797]] 
Rotation Matrix Shape (3, 3)
Rotation Matrix 
 [[-0.43969286 -0.89766283 -0.02952324]
 [-0.89802605  0.43993759 -0.00203172]
 [ 0.01481219  0.02561931 -0.99956203]] 
Translation Matrix Shape (3, 1)
Translation Matrix 
 [[ 0.84298299]
 [ 0.53789003]
 [-0.0073484 ]]
------------------Frame 108------------------
Number of Matches with Frame 109: 6
Essential Matrix Shape (3, 3)
Essential Matrix 
 [[ 0.00230151 -0.01010673  0.19487302]
 [-0.00313119  0.02186824 -0.679297  ]
 [ 0.24308544 -0.66357871 -0.02360909]] 
Rotation Matrix Shape (3, 3)
Rotation Matrix 
 [[-8.07734833e-01 -5.89171231e-01 -2.10166854e-02]
 [-5.89545959e-01  8.07224654e-01  2.87040265e-02]
 [ 5.35999635e-05  3.55755439e-02 -9.99366989e-01]] 
Translation Matrix Shape (3, 1)
Translation Matrix 
 [[ 0.9611629 ]
 [ 0.27592592]
 [-0.00554598]]
------------------Frame 109------------------
Number of Matches with Frame 110: 6
Essential Matrix Shape (3, 3)
Essential Matrix 
 [[ 0.00110561  0.00207172  0.2438471 ]
 [-0.00856772  0.01406496 -0.66355986]
 [ 0.19187432 -0.68038941 -0.01430569]] 
Rotation Matrix Shape (3, 3)
Rotation Matrix 
 [[-0.80969855 -0.58678218  0.00865649]
 [-0.58645128  0.80960681  0.02473272]
 [-0.02152108  0.01494944 -0.99965662]] 
Translation Matrix Shape (3, 1)
Translation Matrix 
 [[0.93865124]
 [0.34472331]
 [0.0099842 ]]
------------------Frame 110------------------
Number of Matches with Frame 111: 5
Number of matches is less than 6, cannot compute Essential Matrix.
------------------Frame 111------------------
Number of Matches with Frame 112: 18
Essential Matrix Shape (3, 3)
Essential Matrix 
 [[-4.38738673e-04 -3.38980574e-03 -6.16782789e-01]
 [ 4.57088057e-03 -6.93689558e-04  3.45782136e-01]
 [ 6.06377580e-01 -3.63711521e-01 -8.98639907e-04]] 
Rotation Matrix Shape (3, 3)
Rotation Matrix 
 [[ 9.99570327e-01 -2.93063087e-02 -5.49962599e-04]
 [ 2.93071641e-02  9.99569143e-01  1.61787169e-03]
 [ 5.02311796e-04 -1.63329438e-03  9.99998540e-01]] 
Translation Matrix Shape (3, 1)
Translation Matrix 
 [[-0.48901392]
 [-0.87225379]
 [ 0.00622124]]
------------------Frame 112------------------
Number of Matches with Frame 113: 22
Essential Matrix Shape (3, 3)
Essential Matrix 
 [[-8.44480047e-17  4.05259226e-14 -3.91022788e-12]
 [-3.96931157e-14 -2.40722412e-15 -7.07106781e-01]
 [ 3.81833678e-12  7.07106781e-01  3.52529381e-15]] 
Rotation Matrix Shape (3, 3)
Rotation Matrix 
 [[ 1.00000000e+00  1.29953643e-13  1.17776680e-15]
 [-1.29957290e-13  1.00000000e+00  7.92768629e-16]
 [-8.42270828e-16 -7.92768628e-16  1.00000000e+00]] 
Translation Matrix Shape (3, 1)
Translation Matrix 
 [[-1.00000000e+00]
 [ 5.52990095e-12]
 [ 5.69768134e-14]]
------------------Frame 113------------------
Number of Matches with Frame 114: 3
Number of matches is less than 6, cannot compute Essential Matrix.
------------------Frame 114------------------
Number of Matches with Frame 115: 25
Essential Matrix Shape (3, 3)
Essential Matrix 
 [[ 1.42702042e-04  5.08900734e-03 -4.96423606e-01]
 [-7.19722059e-03  3.11958117e-03 -5.03492581e-01]
 [ 6.81215628e-01  1.89488333e-01 -3.28850268e-03]] 
Rotation Matrix Shape (3, 3)
Rotation Matrix 
 [[ 8.67207758e-01 -4.97922818e-01 -4.85508853e-03]
 [ 4.97920584e-01  8.67220877e-01 -1.74437200e-03]
 [ 5.07899676e-03 -9.04715588e-04  9.99986693e-01]] 
Translation Matrix Shape (3, 1)
Translation Matrix 
 [[ 0.71209225]
 [-0.70204514]
 [-0.00756646]]
------------------Frame 115------------------
Number of Matches with Frame 116: 13
Essential Matrix Shape (3, 3)
Essential Matrix 
 [[ 5.77758972e-04  4.87056287e-03 -6.94981926e-01]
 [-2.66609647e-03 -6.50369267e-03  1.30242761e-01]
 [ 2.94164512e-01  6.42958871e-01  5.88340798e-03]] 
Rotation Matrix Shape (3, 3)
Rotation Matrix 
 [[ 0.24134698  0.97041363  0.00700148]
 [-0.97039462  0.2413986  -0.0078099 ]
 [-0.00926898 -0.0049093   0.99994499]] 
Translation Matrix Shape (3, 1)
Translation Matrix 
 [[0.18426105]
 [0.98284019]
 [0.00854586]]
------------------Frame 116------------------
Number of Matches with Frame 117: 12
Essential Matrix Shape (3, 3)
Essential Matrix 
 [[ 8.11515731e-05  4.67051923e-03 -3.73374422e-01]
 [-8.98453785e-03  7.66136080e-03 -6.00377779e-01]
 [ 7.06952349e-01 -1.16355434e-02 -7.73404166e-03]] 
Rotation Matrix Shape (3, 3)
Rotation Matrix 
 [[ 0.51390984 -0.85777849 -0.01061821]
 [ 0.85777568  0.51398587 -0.00627753]
 [ 0.01084233 -0.00588196  0.99992392]] 
Translation Matrix Shape (3, 1)
Translation Matrix 
 [[ 0.84919929]
 [-0.52802861]
 [-0.00680811]]
------------------Frame 117------------------
Number of Matches with Frame 118: 11
Essential Matrix Shape (3, 3)
Essential Matrix 
 [[ 0.002179   -0.00751066 -0.62174164]
 [ 0.00138486  0.00283911  0.33670826]
 [ 0.63774752 -0.30537021  0.0045697 ]] 
Rotation Matrix Shape (3, 3)
Rotation Matrix 
 [[ 0.99875891  0.04972155  0.00289968]
 [-0.04969628  0.99873058 -0.00821685]
 [-0.00330455  0.00806255  0.99996204]] 
Translation Matrix Shape (3, 1)
Translation Matrix 
 [[ 0.47618522]
 [ 0.87933789]
 [-0.00353646]]
------------------Frame 118------------------
Number of Matches with Frame 119: 7
Essential Matrix Shape (3, 3)
Essential Matrix 
 [[-1.53338569e-04 -3.26633643e-03  3.37234922e-01]
 [ 3.58803696e-03 -4.28678607e-04 -6.21498834e-01]
 [-3.22552894e-01  6.29243602e-01 -4.20977769e-04]] 
Rotation Matrix Shape (3, 3)
Rotation Matrix 
 [[ 9.99724494e-01 -2.34709472e-02  2.27237181e-04]
 [ 2.34710700e-02  9.99724363e-01 -5.54056358e-04]
 [-2.14170319e-04  5.59237211e-04  9.99999821e-01]] 
Translation Matrix Shape (3, 1)
Translation Matrix 
 [[-0.87893335]
 [-0.47691958]
 [-0.00488736]]
------------------Frame 119------------------
Number of Matches with Frame 120: 5
Number of matches is less than 6, cannot compute Essential Matrix.
------------------Frame 120------------------
Number of Matches with Frame 121: 24
Essential Matrix Shape (3, 3)
Essential Matrix 
 [[-2.36641135e-05 -3.37848632e-03  3.47731305e-01]
 [ 3.33646767e-03 -1.44637583e-04 -6.15688293e-01]
 [-3.34893307e-01  6.22763815e-01 -2.90682687e-05]] 
Rotation Matrix Shape (3, 3)
Rotation Matrix 
 [[ 9.99785113e-01 -2.07294520e-02 -1.33364874e-04]
 [ 2.07294357e-02  9.99785115e-01 -1.22535073e-04]
 [ 1.35876301e-04  1.19744163e-04  9.99999984e-01]] 
Translation Matrix Shape (3, 1)
Translation Matrix 
 [[-0.8707141 ]
 [-0.49176574]
 [-0.00483783]]
------------------Frame 121------------------
Number of Matches with Frame 122: 30
Essential Matrix Shape (3, 3)
Essential Matrix 
 [[-2.20145097e-16 -1.40075537e-14  1.30473940e-12]
 [ 1.36991950e-14  2.62354696e-16 -7.07106781e-01]
 [-1.21086110e-12  7.07106781e-01 -9.65329533e-17]] 
Rotation Matrix Shape (3, 3)
Rotation Matrix 
 [[ 1.00000000e+00 -1.32763961e-13 -4.36085030e-16]
 [ 1.32763961e-13  1.00000000e+00  3.71025570e-16]
 [ 4.36085030e-16  1.36518212e-16  1.00000000e+00]] 
Translation Matrix Shape (3, 1)
Translation Matrix 
 [[-1.00000000e+00]
 [-1.84518015e-12]
 [-1.98096724e-14]]
------------------Frame 122------------------
Number of Matches with Frame 123: 17
Essential Matrix Shape (3, 3)
Essential Matrix 
 [[-3.02494154e-06  4.39708532e-03 -4.41909593e-01]
 [-4.30854469e-03  1.38637007e-04  5.51994241e-01]
 [ 4.29913746e-01 -5.61386248e-01 -5.19855419e-05]] 
Rotation Matrix Shape (3, 3)
Rotation Matrix 
 [[ 9.99767847e-01 -2.15453911e-02 -2.21224349e-04]
 [ 2.15453732e-02  9.99767868e-01 -8.29277162e-05]
 [ 2.22959706e-04  7.81421031e-05  9.99999972e-01]] 
Translation Matrix Shape (3, 1)
Translation Matrix 
 [[-0.78063638]
 [-0.62495404]
 [-0.00626871]]
------------------Frame 123------------------
Number of Matches with Frame 124: 7
Essential Matrix Shape (3, 3)
Essential Matrix 
 [[ 2.11715333e-04 -7.58488437e-03 -6.85527103e-01]
 [ 8.29285593e-03  1.21333387e-05 -1.73186470e-01]
 [ 6.88454514e-01  1.61129822e-01  5.02539814e-04]] 
Rotation Matrix Shape (3, 3)
Rotation Matrix 
 [[ 9.99845778e-01 -1.75547169e-02  5.03019032e-04]
 [ 1.75542538e-02  9.99845498e-01  9.10615953e-04]
 [-5.18926919e-04 -9.01645392e-04  9.99999459e-01]] 
Translation Matrix Shape (3, 1)
Translation Matrix 
 [[ 0.24492862]
 [-0.96947169]
 [ 0.01160256]]
------------------Frame 124------------------
Number of Matches with Frame 125: 23
Essential Matrix Shape (3, 3)
Essential Matrix 
 [[ 0.00154415 -0.00618216  0.53650034]
 [ 0.00706982 -0.00851554  0.46046631]
 [-0.61725825  0.34477038  0.01003564]] 
Rotation Matrix Shape (3, 3)
Rotation Matrix 
 [[ 0.34472595 -0.9386291  -0.01180812]
 [ 0.93863154  0.34482791 -0.00803437]
 [ 0.01161306 -0.00831382  0.999898  ]] 
Translation Matrix Shape (3, 1)
Translation Matrix 
 [[ 0.65134751]
 [-0.75874671]
 [-0.00706094]]
------------------Frame 125------------------
Number of Matches with Frame 126: 65
Essential Matrix Shape (3, 3)
Essential Matrix 
 [[-1.66976553e-04  8.40403010e-03 -6.74076109e-01]
 [-9.03172981e-03  1.79278782e-03  2.13445534e-01]
 [ 6.34852188e-01 -3.11237359e-01 -9.83597568e-04]] 
Rotation Matrix Shape (3, 3)
Rotation Matrix 
 [[ 0.98889146 -0.14862462 -0.00209793]
 [ 0.14862046  0.98889225 -0.00201726]
