------------------Frame 1------------------
Number of Matches with Frame 2: 16
Number of Inliers with Frame 2: 2295
Number of Good Matches with Frame 2: 16
Essential Matrix Shape (3, 3)
Essential Matrix 
 [[ 1.28799375e-05  4.21696089e-03 -3.66578622e-01]
 [-4.08047173e-03 -7.78723903e-05  6.04650988e-01]
 [ 3.59398367e-01 -6.08946340e-01 -1.63179933e-04]] 
Rotation Matrix Shape (3, 3)
Rotation Matrix 
 [[ 9.99929970e-01 -1.18340151e-02 -1.01000280e-04]
 [ 1.18340360e-02  9.99929954e-01  2.08641659e-04]
 [ 9.85241366e-05 -2.09822288e-04  9.99999973e-01]] 
Translation Matrix Shape (3, 1)
Translation Matrix 
 [[-0.85510506]
 [-0.51842169]
 [-0.00585532]]
------------------Frame 2------------------
Number of Matches with Frame 3: 22
Number of Inliers with Frame 3: 4335
Number of Good Matches with Frame 3: 22
Essential Matrix Shape (3, 3)
Essential Matrix 
 [[-2.08233819e-05  9.89154166e-03 -7.04551799e-01]
 [-9.58193481e-03  2.09318472e-05  5.92370672e-02]
 [ 7.04260502e-01 -6.26515174e-02 -9.43102716e-05]] 
Rotation Matrix Shape (3, 3)
Rotation Matrix 
 [[ 9.99988241e-01 -4.84856033e-03 -9.76264253e-05]
 [ 4.84860197e-03  9.99988153e-01  4.30936068e-04]
 [ 9.55358492e-05 -4.31404353e-04  9.99999902e-01]] 
Translation Matrix Shape (3, 1)
Translation Matrix 
 [[0.08377255]
 [0.99639265]
 [0.01355906]]
------------------Frame 3------------------
Number of Matches with Frame 4: 16
Number of Inliers with Frame 4: 2550
Number of Good Matches with Frame 4: 16
Essential Matrix Shape (3, 3)
Essential Matrix 
 [[ 1.08563670e-06 -4.04050456e-03  1.90129482e-01]
 [ 3.85696995e-03  1.99088960e-04 -6.81054585e-01]
 [-1.84620902e-01  6.82568124e-01  2.63988818e-04]] 
Rotation Matrix Shape (3, 3)
Rotation Matrix 
 [[ 9.99967331e-01 -8.08113017e-03 -1.77444572e-04]
 [ 8.08118983e-03  9.99967290e-01  3.38080617e-04]
 [ 1.74706694e-04 -3.39503535e-04  9.99999927e-01]] 
Translation Matrix Shape (3, 1)
Translation Matrix 
 [[-0.9631557 ]
 [-0.26888561]
 [-0.00562303]]
------------------Frame 4------------------
Number of Matches with Frame 5: 23
Number of Inliers with Frame 5: 4080
Number of Good Matches with Frame 5: 23
Essential Matrix Shape (3, 3)
Essential Matrix 
 [[ 1.39503917e-05  4.56121545e-03 -3.57885165e-01]
 [-4.40364229e-03 -8.58700141e-05  6.09834447e-01]
 [ 3.50071753e-01 -6.14353061e-01 -1.86361374e-04]] 
Rotation Matrix Shape (3, 3)
Rotation Matrix 
 [[ 9.99918501e-01 -1.27662352e-02 -1.23727661e-04]
 [ 1.27662638e-02  9.99918481e-01  2.32983023e-04]
 [ 1.20743259e-04 -2.34543575e-04  9.99999965e-01]] 
Translation Matrix Shape (3, 1)
Translation Matrix 
 [[-0.86243539]
 [-0.50612755]
 [-0.00633234]]
------------------Frame 5------------------
Number of Matches with Frame 6: 30
Number of Inliers with Frame 6: 6375
Number of Good Matches with Frame 6: 30
Essential Matrix Shape (3, 3)
Essential Matrix 
 [[ 4.84439828e-05  8.38092212e-03 -7.00528077e-01]
 [-8.29955437e-03  2.27299894e-04  9.58676109e-02]
 [ 6.97545542e-01 -1.15589000e-01 -1.94918901e-04]] 
Rotation Matrix Shape (3, 3)
Rotation Matrix 
 [[ 9.99601988e-01 -2.82097973e-02 -2.68368133e-04]
 [ 2.82098176e-02  9.99602021e-01  7.21774629e-05]
 [ 2.66225217e-04 -7.97193515e-05  9.99999961e-01]] 
Translation Matrix Shape (3, 1)
Translation Matrix 
 [[-0.13557412]
 [-0.9906972 ]
 [-0.01177812]]
------------------Frame 6------------------
Number of Matches with Frame 7: 19
Number of Inliers with Frame 7: 2805
Number of Good Matches with Frame 7: 19
Essential Matrix Shape (3, 3)
Essential Matrix 
 [[ 2.39670493e-05  4.12463522e-03 -3.71059197e-01]
 [-4.04276990e-03 -1.17959739e-05  6.01912298e-01]
 [ 3.63564919e-01 -6.06468336e-01 -8.91388338e-05]] 
Rotation Matrix Shape (3, 3)
Rotation Matrix 
 [[ 9.99923064e-01 -1.24040549e-02 -7.32955730e-05]
 [ 1.24040625e-02  9.99923061e-01  1.02908409e-04]
 [ 7.20134522e-05 -1.03809654e-04  9.99999992e-01]] 
Translation Matrix Shape (3, 1)
Translation Matrix 
 [[-0.85123212]
 [-0.52475755]
 [-0.00577908]]
------------------Frame 7------------------
Number of Matches with Frame 8: 17
Number of Inliers with Frame 8: 2295
Number of Good Matches with Frame 8: 17
Essential Matrix Shape (3, 3)
Essential Matrix 
 [[ 3.63883613e-05  4.50752737e-03 -5.05746649e-01]
 [-4.46060794e-03  2.19266100e-05  4.94166116e-01]
 [ 4.99923060e-01 -5.00056889e-01 -4.67508134e-05]] 
Rotation Matrix Shape (3, 3)
Rotation Matrix 
 [[ 9.99931376e-01 -1.17150077e-02 -3.24665592e-05]
 [ 1.17150097e-02  9.99931375e-01  6.13780646e-05]
 [ 3.17452866e-05 -6.17541987e-05  9.99999998e-01]] 
Translation Matrix Shape (3, 1)
Translation Matrix 
 [[-0.69885622]
 [-0.71523416]
 [-0.00633087]]
------------------Frame 8------------------
Number of Matches with Frame 9: 25
Number of Inliers with Frame 9: 5355
Number of Good Matches with Frame 9: 25
Essential Matrix Shape (3, 3)
Essential Matrix 
 [[-5.31148393e-06  7.08601410e-03 -6.22666544e-01]
 [-6.91090252e-03 -7.79450062e-05  3.35016838e-01]
 [ 6.22114394e-01 -3.36044319e-01 -1.06367624e-04]] 
Rotation Matrix Shape (3, 3)
Rotation Matrix 
 [[ 9.99998636e-01 -1.65116339e-03 -2.73206324e-05]
 [ 1.65117062e-03  9.99998601e-01  2.66720852e-04]
 [ 2.68801944e-05 -2.66765599e-04  9.99999964e-01]] 
Translation Matrix Shape (3, 1)
Translation Matrix 
 [[0.47378511]
 [0.88058611]
 [0.00978624]]
------------------Frame 9------------------
Number of Matches with Frame 10: 17
Number of Inliers with Frame 10: 2805
Number of Good Matches with Frame 10: 17
Essential Matrix Shape (3, 3)
Essential Matrix 
 [[-5.49048404e-06 -3.76323035e-03  3.19881693e-01]
 [ 3.61500757e-03  1.19369598e-04 -6.30604488e-01]
 [-3.13059623e-01  6.34018984e-01  1.93485491e-04]] 
Rotation Matrix Shape (3, 3)
Rotation Matrix 
 [[ 9.99941778e-01 -1.07902328e-02 -1.09777984e-04]
 [ 1.07902601e-02  9.99941752e-01  2.51139216e-04]
 [ 1.07061739e-04 -2.52309127e-04  9.99999962e-01]] 
Translation Matrix Shape (3, 1)
Translation Matrix 
 [[-0.89180888]
 [-0.45238235]
 [-0.00520817]]
------------------Frame 10------------------
Number of Matches with Frame 11: 22
Number of Inliers with Frame 11: 4590
Number of Good Matches with Frame 11: 22
Essential Matrix Shape (3, 3)
Essential Matrix 
 [[-9.85994627e-05  6.69707020e-03 -5.55751377e-01]
 [-6.28940300e-03 -2.98776171e-04  4.37145510e-01]
 [ 5.57415568e-01 -4.35025823e-01 -3.47935484e-04]] 
Rotation Matrix Shape (3, 3)
Rotation Matrix 
 [[ 9.99992745e-01  3.80686937e-03 -1.31540611e-04]
 [-3.80678596e-03  9.99992557e-01  6.28695776e-04]
 [ 1.33932995e-04 -6.28190468e-04  9.99999794e-01]] 
Translation Matrix Shape (3, 1)
Translation Matrix 
 [[0.61821606]
 [0.78595694]
 [0.00897742]]
------------------Frame 11------------------
Number of Matches with Frame 12: 30
Number of Inliers with Frame 12: 7395
Number of Good Matches with Frame 12: 30
Essential Matrix Shape (3, 3)
Essential Matrix 
 [[ 5.25622085e-05  8.75006933e-03 -6.36354762e-01]
 [-8.67228288e-03  2.95568015e-04  3.08184950e-01]
 [ 6.26213740e-01 -3.28297274e-01 -2.07056610e-04]] 
Rotation Matrix Shape (3, 3)
Rotation Matrix 
 [[ 9.99492399e-01 -3.18562210e-02 -3.55475636e-04]
 [ 3.18562008e-02  9.99492461e-01 -6.21445576e-05]
 [ 3.57274909e-04  5.07889097e-05  9.99999935e-01]] 
Translation Matrix Shape (3, 1)
Translation Matrix 
 [[-0.43583495]
 [-0.89994082]
 [-0.01242648]]
------------------Frame 12------------------
Number of Matches with Frame 13: 40
Number of Inliers with Frame 13: 10200
Number of Good Matches with Frame 13: 40
Essential Matrix Shape (3, 3)
Essential Matrix 
 [[ 6.33097306e-05  7.74668220e-03 -6.86740329e-01]
 [-7.92747594e-03  8.78164709e-04 -1.68299102e-01]
 [ 7.01300110e-01  9.00942596e-02 -8.25327447e-04]] 
Rotation Matrix Shape (3, 3)
Rotation Matrix 
 [[ 9.93669081e-01 -1.12340445e-01 -1.17563622e-03]
 [ 1.12340397e-01  9.93669776e-01 -1.06774587e-04]
 [ 1.18018928e-03 -2.59728340e-05  9.99999303e-01]] 
Translation Matrix Shape (3, 1)
Translation Matrix 
 [[ 0.23802397]
 [-0.97119699]
 [-0.01099987]]
------------------Frame 13------------------
Number of Matches with Frame 14: 36
Number of Inliers with Frame 14: 6630
Number of Good Matches with Frame 14: 36
Essential Matrix Shape (3, 3)
Essential Matrix 
 [[ 1.37083831e-05  4.79582459e-03 -5.03206428e-01]
 [-4.67379011e-03  3.64009124e-05  4.96750411e-01]
 [ 4.94100453e-01 -5.05808464e-01 -1.21913607e-04]] 
Rotation Matrix Shape (3, 3)
Rotation Matrix 
 [[ 9.99834994e-01 -1.81648959e-02 -1.45883537e-04]
 [ 1.81649103e-02  9.99835000e-01  9.76427413e-05]
 [ 1.44085796e-04 -1.00276591e-04  9.99999985e-01]] 
Translation Matrix Shape (3, 1)
Translation Matrix 
 [[-0.7025102 ]
 [-0.71164202]
 [-0.00671207]]
------------------Frame 14------------------
Number of Matches with Frame 15: 34
Number of Inliers with Frame 15: 6120
Number of Good Matches with Frame 15: 34
Essential Matrix Shape (3, 3)
Essential Matrix 
 [[-4.11399529e-05  1.26641654e-02 -6.57341649e-01]
 [-1.21979445e-02  3.37599314e-05  2.60276354e-01]
 [ 6.53395572e-01 -2.70042747e-01 -3.78020090e-04]] 
Rotation Matrix Shape (3, 3)
Rotation Matrix 
 [[ 9.99888812e-01 -1.49077610e-02 -3.49787253e-04]
 [ 1.49079585e-02  9.99888708e-01  5.68973224e-04]
 [ 3.41266208e-04 -5.74124575e-04  9.99999777e-01]] 
Translation Matrix Shape (3, 1)
Translation Matrix 
 [[0.36808035]
 [0.92963157]
 [0.01737804]]
------------------Frame 15------------------
Number of Matches with Frame 16: 30
Number of Inliers with Frame 16: 7650
Number of Good Matches with Frame 16: 30
Essential Matrix Shape (3, 3)
Essential Matrix 
 [[ 8.36032509e-05  1.57621790e-01  6.84337030e-01]
 [-1.61742920e-01  9.85110180e-03 -8.47867247e-02]
 [ 6.77234856e-01 -1.21155841e-01  8.11174700e-03]] 
Rotation Matrix Shape (3, 3)
Rotation Matrix 
 [[ 0.95754895 -0.28094116  0.06459156]
 [-0.28035842 -0.85545205  0.4354319 ]
 [-0.06707576 -0.43505615 -0.89790144]] 
Translation Matrix Shape (3, 1)
Translation Matrix 
 [[0.11694608]
 [0.96597453]
 [0.23068772]]
------------------Frame 16------------------
Number of Matches with Frame 17: 11
Number of Inliers with Frame 17: 2805
Number of Good Matches with Frame 17: 11
Essential Matrix Shape (3, 3)
Essential Matrix 
 [[-0.00131123  0.00938435  0.5957097 ]
 [-0.0162213   0.00676824 -0.38085894]
 [ 0.5658969  -0.42358675 -0.00355884]] 
Rotation Matrix Shape (3, 3)
Rotation Matrix 
 [[ 0.35188028 -0.93591637  0.01551824]
 [-0.93568369 -0.35123551  0.03361024]
 [-0.02600582 -0.02634694 -0.99931453]] 
Translation Matrix Shape (3, 1)
Translation Matrix 
 [[0.53859107]
 [0.84218469]
 [0.02538898]]
------------------Frame 17------------------
Number of Matches with Frame 18: 3
Number of matches is less than 6, cannot compute Essential Matrix.
------------------Frame 18------------------
Number of Matches with Frame 19: 3
Number of matches is less than 6, cannot compute Essential Matrix.
------------------Frame 19------------------
Number of Matches with Frame 20: 4
Number of matches is less than 6, cannot compute Essential Matrix.
------------------Frame 20------------------
Number of Matches with Frame 21: 2
Number of matches is less than 6, cannot compute Essential Matrix.
------------------Frame 21------------------
Number of Matches with Frame 22: 5
Number of matches is less than 6, cannot compute Essential Matrix.
------------------Frame 22------------------
Number of Matches with Frame 23: 1
Number of matches is less than 6, cannot compute Essential Matrix.
------------------Frame 23------------------
Number of Matches with Frame 24: 0
Number of matches is less than 6, cannot compute Essential Matrix.
------------------Frame 24------------------
Number of Matches with Frame 25: 1
Number of matches is less than 6, cannot compute Essential Matrix.
------------------Frame 25------------------
Number of Matches with Frame 26: 0
Number of matches is less than 6, cannot compute Essential Matrix.
------------------Frame 26------------------
Number of Matches with Frame 27: 3
Number of matches is less than 6, cannot compute Essential Matrix.
------------------Frame 27------------------
Number of Matches with Frame 28: 2
Number of matches is less than 6, cannot compute Essential Matrix.
------------------Frame 28------------------
Number of Matches with Frame 29: 0
Number of matches is less than 6, cannot compute Essential Matrix.
------------------Frame 29------------------
Number of Matches with Frame 30: 0
Number of matches is less than 6, cannot compute Essential Matrix.
------------------Frame 30------------------
Number of Matches with Frame 31: 1
Number of matches is less than 6, cannot compute Essential Matrix.
------------------Frame 31------------------
Number of Matches with Frame 32: 4
Number of matches is less than 6, cannot compute Essential Matrix.
------------------Frame 32------------------
Number of Matches with Frame 33: 1
Number of matches is less than 6, cannot compute Essential Matrix.
------------------Frame 33------------------
Number of Matches with Frame 34: 0
Number of matches is less than 6, cannot compute Essential Matrix.
------------------Frame 34------------------
Number of Matches with Frame 35: 0
Number of matches is less than 6, cannot compute Essential Matrix.
------------------Frame 35------------------
Descriptor length is less than 2, the size of the kd-tree cannot be less than 2.
Number of Matches with Frame 36: 0
Number of matches is less than 6, cannot compute Essential Matrix.
------------------Frame 36------------------
One of the descriptors is None, cannot compute matches.
Number of Matches with Frame 37: 0
Number of matches is less than 6, cannot compute Essential Matrix.
------------------Frame 37------------------
One of the descriptors is None, cannot compute matches.
Number of Matches with Frame 38: 0
Number of matches is less than 6, cannot compute Essential Matrix.
------------------Frame 38------------------
One of the descriptors is None, cannot compute matches.
Number of Matches with Frame 39: 0
Number of matches is less than 6, cannot compute Essential Matrix.
------------------Frame 39------------------
One of the descriptors is None, cannot compute matches.
Number of Matches with Frame 40: 0
Number of matches is less than 6, cannot compute Essential Matrix.
------------------Frame 40------------------
One of the descriptors is None, cannot compute matches.
Number of Matches with Frame 41: 0
Number of matches is less than 6, cannot compute Essential Matrix.
------------------Frame 41------------------
One of the descriptors is None, cannot compute matches.
Number of Matches with Frame 42: 0
Number of matches is less than 6, cannot compute Essential Matrix.
------------------Frame 42------------------
One of the descriptors is None, cannot compute matches.
Number of Matches with Frame 43: 0
Number of matches is less than 6, cannot compute Essential Matrix.
------------------Frame 43------------------
One of the descriptors is None, cannot compute matches.
Number of Matches with Frame 44: 0
Number of matches is less than 6, cannot compute Essential Matrix.
------------------Frame 44------------------
One of the descriptors is None, cannot compute matches.
Number of Matches with Frame 45: 0
Number of matches is less than 6, cannot compute Essential Matrix.
------------------Frame 45------------------
One of the descriptors is None, cannot compute matches.
Number of Matches with Frame 46: 0
Number of matches is less than 6, cannot compute Essential Matrix.
------------------Frame 46------------------
One of the descriptors is None, cannot compute matches.
Number of Matches with Frame 47: 0
Number of matches is less than 6, cannot compute Essential Matrix.
------------------Frame 47------------------
One of the descriptors is None, cannot compute matches.
Number of Matches with Frame 48: 0
Number of matches is less than 6, cannot compute Essential Matrix.
------------------Frame 48------------------
One of the descriptors is None, cannot compute matches.
Number of Matches with Frame 49: 0
Number of matches is less than 6, cannot compute Essential Matrix.
------------------Frame 49------------------
One of the descriptors is None, cannot compute matches.
Number of Matches with Frame 50: 0
Number of matches is less than 6, cannot compute Essential Matrix.
------------------Frame 50------------------
Number of Matches with Frame 51: 0
Number of matches is less than 6, cannot compute Essential Matrix.
------------------Frame 51------------------
Number of Matches with Frame 52: 1
Number of matches is less than 6, cannot compute Essential Matrix.
------------------Frame 52------------------
Number of Matches with Frame 53: 4
Number of matches is less than 6, cannot compute Essential Matrix.
------------------Frame 53------------------
Number of Matches with Frame 54: 8
Number of Inliers with Frame 54: 2040
Number of Good Matches with Frame 54: 8
Essential Matrix Shape (3, 3)
Essential Matrix 
 [[-1.06638111e-05  2.83078318e-03 -4.97308791e-01]
 [-3.15895359e-03  1.78896828e-04  5.02668363e-01]
 [ 5.10313579e-01 -4.89459297e-01  3.25193637e-04]] 
Rotation Matrix Shape (3, 3)
Rotation Matrix 
 [[ 9.99656330e-01  2.62146133e-02  1.27783263e-04]
 [-2.62145434e-02  9.99656204e-01 -5.20513860e-04]
 [-1.41384401e-04  5.16985195e-04  9.99999856e-01]] 
Translation Matrix Shape (3, 1)
Translation Matrix 
 [[0.71088108]
 [0.70329866]
 [0.00436843]]
------------------Frame 54------------------
Number of Matches with Frame 55: 1
Number of matches is less than 6, cannot compute Essential Matrix.
------------------Frame 55------------------
Number of Matches with Frame 56: 4
Number of matches is less than 6, cannot compute Essential Matrix.
------------------Frame 56------------------
Number of Matches with Frame 57: 10
Number of Inliers with Frame 57: 1275
Number of Good Matches with Frame 57: 10
Essential Matrix Shape (3, 3)
Essential Matrix 
 [[-3.76579089e-06 -2.57681696e-03  3.64852993e-01]
 [ 2.64103845e-03 -1.32303092e-04 -6.05702639e-01]
 [-3.62655965e-01  6.07020272e-01 -1.17166753e-04]] 
Rotation Matrix Shape (3, 3)
Rotation Matrix 
 [[ 9.99993439e-01 -3.62241643e-03 -1.52624153e-05]
 [ 3.62241327e-03  9.99993419e-01 -2.02632910e-04]
 [ 1.59963356e-05  2.02576294e-04  9.99999979e-01]] 
Translation Matrix Shape (3, 1)
Translation Matrix 
 [[0.85659285]
 [0.5159793 ]
 [0.00374872]]
------------------Frame 57------------------
Number of Matches with Frame 58: 14
Number of Inliers with Frame 58: 1785
Number of Good Matches with Frame 58: 14
Essential Matrix Shape (3, 3)
Essential Matrix 
 [[-2.16641884e-06  3.22335304e-03 -3.99949112e-01]
 [-3.27769061e-03  7.30829705e-05  5.83121171e-01]
 [ 4.00560428e-01 -5.82701129e-01  7.77391023e-05]] 
Rotation Matrix Shape (3, 3)
Rotation Matrix 
 [[ 9.99999449e-01  1.04946088e-03  3.04130007e-06]
 [-1.04946047e-03  9.99999441e-01 -1.31229563e-04]
 [-3.17901866e-06  1.31226299e-04  9.99999991e-01]] 
Translation Matrix Shape (3, 1)
Translation Matrix 
 [[-0.82465789]
 [-0.56561286]
 [-0.00463274]]
------------------Frame 58------------------
Number of Matches with Frame 59: 12
Number of Inliers with Frame 59: 3060
Number of Good Matches with Frame 59: 12
Essential Matrix Shape (3, 3)
Essential Matrix 
 [[ 0.00071318  0.00733548 -0.36991999]
 [-0.01014571  0.00177565 -0.60254636]
 [ 0.52561759  0.47292305 -0.0025714 ]] 
Rotation Matrix Shape (3, 3)
Rotation Matrix 
 [[ 9.58928575e-01 -2.83622521e-01 -3.77545403e-03]
 [ 2.83616944e-01  9.58935674e-01 -1.94965664e-03]
 [ 4.17338409e-03  7.98798726e-04  9.99990972e-01]] 
Translation Matrix Shape (3, 1)
Translation Matrix 
 [[ 0.85217942]
 [-0.52312865]
 [-0.01125394]]
------------------Frame 59------------------
Number of Matches with Frame 60: 7
Number of Inliers with Frame 60: 1785
Number of Good Matches with Frame 60: 7
Essential Matrix Shape (3, 3)
Essential Matrix 
 [[-7.85309129e-05  1.79702040e-03 -4.54664600e-01]
 [-2.02680137e-03  1.98020905e-04 -5.41549466e-01]
 [ 4.98817399e-01  5.01176671e-01 -2.04186093e-04]] 
Rotation Matrix Shape (3, 3)
Rotation Matrix 
 [[ 9.96420348e-01 -8.45353941e-02 -5.06222889e-04]
 [ 8.45354291e-02  9.96420473e-01  4.79652594e-05]
 [ 5.00356089e-04 -9.05873296e-05  9.99999871e-01]] 
Translation Matrix Shape (3, 1)
Translation Matrix 
 [[ 0.76586796]
 [-0.64299305]
 [-0.00249204]]
------------------Frame 60------------------
Number of Matches with Frame 61: 6
Number of Inliers with Frame 61: 1020
Number of Good Matches with Frame 61: 6
Essential Matrix Shape (3, 3)
Essential Matrix 
 [[ 9.12812020e-05  4.54308298e-03 -5.59459504e-01]
 [-4.64734673e-03  1.08565257e-04  4.32416608e-01]
 [ 5.54586271e-01 -4.38648768e-01  9.70169601e-05]] 
Rotation Matrix Shape (3, 3)
Rotation Matrix 
 [[ 9.99937417e-01 -1.11873930e-02  7.23023463e-05]
 [ 1.11874023e-02  9.99937410e-01 -1.30815337e-04]
 [-7.08343384e-05  1.31616025e-04  9.99999989e-01]] 
Translation Matrix Shape (3, 1)
Translation Matrix 
 [[0.61152991]
 [0.79119437]
 [0.00652943]]
------------------Frame 61------------------
Number of Matches with Frame 62: 7
Number of Inliers with Frame 62: 1020
Number of Good Matches with Frame 62: 7
Essential Matrix Shape (3, 3)
Essential Matrix 
 [[-9.85311694e-04 -1.26372452e-04  1.44921839e-01]
 [-2.45468259e-03  8.24915132e-03 -6.92045669e-01]
 [ 4.83333725e-01 -5.16070633e-01 -7.41638848e-03]] 
Rotation Matrix Shape (3, 3)
Rotation Matrix 
 [[-0.57432157 -0.81861676 -0.0046186 ]
 [-0.81861245  0.57426354  0.00974881]
 [-0.00532824  0.0093798  -0.99994181]] 
Translation Matrix Shape (3, 1)
Translation Matrix 
 [[0.97877135]
 [0.20493276]
 [0.00303608]]
------------------Frame 62------------------
Number of Matches with Frame 63: 7
Number of Inliers with Frame 63: 1020
Number of Good Matches with Frame 63: 7
Essential Matrix Shape (3, 3)
Essential Matrix 
 [[ 3.84015534e-05  3.55579469e-03 -4.14600210e-01]
 [-3.58002693e-03  6.34588157e-05  5.72794893e-01]
 [ 4.08892589e-01 -5.76883056e-01  3.10071290e-05]] 
Rotation Matrix Shape (3, 3)
Rotation Matrix 
 [[ 9.99950711e-01 -9.92852989e-03  7.46706520e-06]
 [ 9.92853024e-03  9.99950710e-01 -4.87282316e-05]
 [-6.98289744e-06  4.87999668e-05  9.99999999e-01]] 
Translation Matrix Shape (3, 1)
Translation Matrix 
 [[-0.81005434]
 [-0.58633299]
 [-0.00505752]]
------------------Frame 63------------------
Number of Matches with Frame 64: 9
Number of Inliers with Frame 64: 1530
Number of Good Matches with Frame 64: 9
Essential Matrix Shape (3, 3)
Essential Matrix 
 [[-3.53029271e-05 -3.58125484e-03  4.30941958e-01]
 [ 3.54147703e-03 -1.07908621e-04 -5.60603805e-01]
 [-4.18150210e-01  5.70208228e-01  1.79470216e-05]] 
Rotation Matrix Shape (3, 3)
Rotation Matrix 
 [[ 9.99744111e-01 -2.26208069e-02 -1.06086168e-04]
 [ 2.26208017e-02  9.99744116e-01 -4.95358023e-05]
 [ 1.07179562e-04  4.71233725e-05  9.99999993e-01]] 
Translation Matrix Shape (3, 1)
Translation Matrix 
 [[0.79281297]
 [0.60944371]
 [0.00509468]]
------------------Frame 64------------------
Number of Matches with Frame 65: 9
Number of Inliers with Frame 65: 2040
Number of Good Matches with Frame 65: 9
Essential Matrix Shape (3, 3)
Essential Matrix 
 [[ 6.73038742e-05  2.99293272e-03 -4.38499594e-01]
 [-2.01183648e-03 -6.36084918e-04 -5.54719662e-01]
 [ 3.02963383e-01  6.38908174e-01  5.67810246e-04]] 
Rotation Matrix Shape (3, 3)
Rotation Matrix 
 [[ 9.74539811e-01  2.24208240e-01  1.67988863e-03]
 [-2.24208048e-01  9.74541255e-01 -3.04335823e-04]
 [-1.70535538e-03 -8.00571756e-05  9.99998543e-01]] 
Translation Matrix Shape (3, 1)
Translation Matrix 
 [[-0.784486  ]
 [ 0.62013167]
 [ 0.00429228]]
------------------Frame 65------------------
Number of Matches with Frame 66: 9
Number of Inliers with Frame 66: 1785
Number of Good Matches with Frame 66: 9
Essential Matrix Shape (3, 3)
Essential Matrix 
 [[-6.78478446e-06 -2.90406891e-03  2.34735967e-01]
 [ 2.85609116e-03 -3.38842085e-05 -6.67001414e-01]
 [-2.29038954e-01  6.68978852e-01  8.45728591e-06]] 
Rotation Matrix Shape (3, 3)
Rotation Matrix 
 [[ 9.99963630e-01 -8.52837461e-03 -7.66071347e-05]
 [ 8.52837354e-03  9.99963633e-01 -1.42805754e-05]
 [ 7.67261388e-05  1.36267218e-05  9.99999997e-01]] 
Translation Matrix Shape (3, 1)
Translation Matrix 
 [[-0.94328213]
 [-0.33196673]
 [-0.00411165]]
------------------Frame 66------------------
Number of Matches with Frame 67: 12
Number of Inliers with Frame 67: 2805
Number of Good Matches with Frame 67: 12
Essential Matrix Shape (3, 3)
Essential Matrix 
 [[ 6.31289000e-07  1.25985879e-04 -1.58833434e-02]
 [-9.53870267e-04  5.91969170e-05 -7.06927723e-01]
 [ 1.23236086e-01  6.96285028e-01 -1.05135352e-04]] 
Rotation Matrix Shape (3, 3)
Rotation Matrix 
 [[ 9.88361409e-01 -1.52119565e-01 -1.16732197e-03]
 [ 1.52119526e-01  9.88362097e-01 -1.22493858e-04]
 [ 1.17237050e-03 -5.65042620e-05  9.99999311e-01]] 
Translation Matrix Shape (3, 1)
Translation Matrix 
 [[ 9.99747672e-01]
 [-2.24624332e-02]
 [-1.78984723e-04]]
------------------Frame 67------------------
Number of Matches with Frame 68: 4
Number of matches is less than 6, cannot compute Essential Matrix.
------------------Frame 68------------------
Number of Matches with Frame 69: 3
Number of matches is less than 6, cannot compute Essential Matrix.
------------------Frame 69------------------
Number of Matches with Frame 70: 8
Number of Inliers with Frame 70: 2040
Number of Good Matches with Frame 70: 8
Essential Matrix Shape (3, 3)
Essential Matrix 
 [[-3.28773679e-04  7.02509517e-03 -6.93819583e-01]
 [-5.64008092e-03 -2.16424978e-03 -1.36273463e-01]
 [ 5.96735046e-01  3.79288862e-01  2.28455090e-03]] 
Rotation Matrix Shape (3, 3)
Rotation Matrix 
 [[ 9.31496567e-01  3.63735672e-01  3.24151438e-03]
 [-3.63738357e-01  9.31501122e-01  2.60598551e-04]
 [-2.92468529e-03 -1.42180977e-03  9.99994712e-01]] 
Translation Matrix Shape (3, 1)
Translation Matrix 
 [[-0.19269108]
 [ 0.98121664]
 [ 0.00916787]]
------------------Frame 70------------------
Number of Matches with Frame 71: 10
Number of Inliers with Frame 71: 2040
Number of Good Matches with Frame 71: 10
Essential Matrix Shape (3, 3)
Essential Matrix 
 [[-2.30562806e-04  4.66480286e-03 -4.38227183e-01]
 [-3.93841849e-03 -6.82093667e-04  5.54920269e-01]
 [ 4.44951822e-01 -5.49545143e-01 -8.07906308e-04]] 
Rotation Matrix Shape (3, 3)
Rotation Matrix 
 [[ 9.99925888e-01  1.21680652e-02 -3.96561652e-04]
 [-1.21676051e-02  9.99925319e-01  1.14272563e-03]
 [ 4.10436797e-04 -1.13781573e-03  9.99999268e-01]] 
Translation Matrix Shape (3, 1)
Translation Matrix 
 [[0.78477401]
 [0.61975401]
 [0.0058923 ]]
------------------Frame 71------------------
Number of Matches with Frame 72: 8
Number of Inliers with Frame 72: 1530
Number of Good Matches with Frame 72: 8
Essential Matrix Shape (3, 3)
Essential Matrix 
 [[-7.44505840e-06  5.65209062e-03 -5.13481316e-01]
 [-5.63092023e-03  7.56204934e-05  4.86112714e-01]
 [ 5.09448911e-01 -4.90336124e-01 -2.50076296e-05]] 
Rotation Matrix Shape (3, 3)
Rotation Matrix 
 [[ 9.99965892e-01 -8.25850262e-03 -1.05403270e-04]
 [ 8.25849634e-03  9.99965896e-01 -5.98934763e-05]
 [ 1.05894306e-04  5.90209609e-05  9.99999993e-01]] 
Translation Matrix Shape (3, 1)
Translation Matrix 
 [[-0.68746635]
 [-0.72617177]
 [-0.0080364 ]]
------------------Frame 72------------------
Number of Matches with Frame 73: 6
Number of Inliers with Frame 73: 1530
Number of Good Matches with Frame 73: 6
Essential Matrix Shape (3, 3)
Essential Matrix 
 [[-4.73589463e-04 -6.76481522e-03  6.55289555e-01]
 [ 8.47393680e-03 -2.92950671e-03  2.65581917e-01]
 [-7.06889868e-01  1.52890369e-02  2.90307003e-03]] 
Rotation Matrix Shape (3, 3)
Rotation Matrix 
 [[ 9.18413241e-01 -3.95607659e-01 -3.42026187e-03]
 [ 3.95600917e-01  9.18419134e-01 -2.49181935e-03]
 [ 4.12701677e-03  9.35461149e-04  9.99991046e-01]] 
Translation Matrix Shape (3, 1)
Translation Matrix 
 [[ 0.37563177]
 [-0.92669936]
 [-0.01136059]]
------------------Frame 73------------------
Number of Matches with Frame 74: 10
Number of Inliers with Frame 74: 2550
Number of Good Matches with Frame 74: 10
Essential Matrix Shape (3, 3)
Essential Matrix 
 [[ 5.60523445e-04 -9.25400784e-03 -5.03846480e-01]
 [ 8.04180398e-03  3.93509252e-04 -4.96046677e-01]
 [ 4.37650497e-01  5.55325301e-01 -1.22321710e-03]] 
Rotation Matrix Shape (3, 3)
Rotation Matrix 
 [[ 0.99209966  0.12544649 -0.00120034]
 [-0.12544796  0.99209942 -0.00124671]
 [ 0.00103446  0.00138744  0.9999985 ]] 
Translation Matrix Shape (3, 1)
Translation Matrix 
 [[-0.70150235]
 [ 0.7125628 ]
 [-0.01219485]]
------------------Frame 74------------------
Number of Matches with Frame 75: 11
Number of Inliers with Frame 75: 1785
Number of Good Matches with Frame 75: 11
Essential Matrix Shape (3, 3)
Essential Matrix 
 [[-1.66219356e-05  4.52560120e-03 -5.18228205e-01]
 [-4.51333930e-03  4.95884022e-05  4.81060698e-01]
 [ 5.15572183e-01 -4.83905571e-01 -1.67877908e-05]] 
Rotation Matrix Shape (3, 3)
Rotation Matrix 
 [[ 9.99984848e-01 -5.50438145e-03 -8.01429152e-05]
 [ 5.50437734e-03  9.99984849e-01 -5.14374350e-05]
 [ 8.04248323e-05  5.09955187e-05  9.99999995e-01]] 
Translation Matrix Shape (3, 1)
Translation Matrix 
 [[0.68032205]
 [0.73288503]
 [0.00643764]]
------------------Frame 75------------------
Number of Matches with Frame 76: 8
Number of Inliers with Frame 76: 1785
Number of Good Matches with Frame 76: 8
Essential Matrix Shape (3, 3)
Essential Matrix 
 [[-2.51520250e-05 -3.38367204e-03  2.14495478e-01]
 [ 3.21134402e-03 -2.03744195e-05 -6.73781318e-01]
 [-1.99531064e-01  6.78362739e-01  1.00445718e-04]] 
Rotation Matrix Shape (3, 3)
Rotation Matrix 
 [[ 9.99755030e-01 -2.21320082e-02 -2.31900431e-04]
 [ 2.21320262e-02  9.99755054e-01  7.52530826e-05]
 [ 2.30178126e-04 -8.03670742e-05  9.99999970e-01]] 
Translation Matrix Shape (3, 1)
Translation Matrix 
 [[0.9528696 ]
 [0.30334278]
 [0.00476202]]
------------------Frame 76------------------
Number of Matches with Frame 77: 10
Number of Inliers with Frame 77: 1785
Number of Good Matches with Frame 77: 10
Essential Matrix Shape (3, 3)
Essential Matrix 
 [[ 2.37704558e-05 -4.82910058e-03  5.12818766e-01]
 [ 4.77998522e-03 -8.25763651e-05 -4.86820629e-01]
 [-5.07100999e-01  4.92772754e-01  5.33632969e-05]] 
Rotation Matrix Shape (3, 3)
Rotation Matrix 
 [[ 9.99931858e-01 -1.16728315e-02 -1.56269854e-04]
 [ 1.16728231e-02  9.99931869e-01 -5.49993482e-05]
 [ 1.56901205e-04  5.31714901e-05  9.99999986e-01]] 
Translation Matrix Shape (3, 1)
Translation Matrix 
 [[-0.68846727]
 [-0.72523489]
 [-0.00686841]]
------------------Frame 77------------------
Number of Matches with Frame 78: 6
Number of Inliers with Frame 78: 1275
Number of Good Matches with Frame 78: 6
Essential Matrix Shape (3, 3)
Essential Matrix 
 [[ 1.41452923e-05 -2.26504974e-03  3.27770141e-01]
 [ 2.23277442e-03 -1.31619637e-05 -6.26547499e-01]
 [-3.26394749e-01  6.27264950e-01  1.08510357e-05]] 
Rotation Matrix Shape (3, 3)
Rotation Matrix 
 [[ 9.99997592e-01 -2.19388550e-03 -5.83168374e-05]
 [ 2.19388473e-03  9.99997593e-01 -1.31889159e-05]
 [ 5.83456320e-05  1.30609437e-05  9.99999998e-01]] 
Translation Matrix Shape (3, 1)
Translation Matrix 
 [[-0.88607179]
 [-0.46353694]
 [-0.00320933]]
------------------Frame 78------------------
Number of Matches with Frame 79: 11
Number of Inliers with Frame 79: 2550
Number of Good Matches with Frame 79: 11
Essential Matrix Shape (3, 3)
Essential Matrix 
 [[-3.15909080e-05  5.90659623e-03 -6.55537526e-01]
 [-5.90407012e-03 -4.83138797e-05  2.65019995e-01]
 [ 6.57544105e-01 -2.60001834e-01  1.03712954e-05]] 
Rotation Matrix Shape (3, 3)
Rotation Matrix 
 [[ 9.99970789e-01  7.64340849e-03  2.06800405e-05]
 [-7.64340874e-03  9.99970789e-01  1.20188939e-05]
 [-2.05875711e-05 -1.21766088e-05  1.00000000e+00]] 
Translation Matrix Shape (3, 1)
Translation Matrix 
 [[0.37479504]
 [0.92707016]
 [0.00834214]]
------------------Frame 79------------------
Number of Matches with Frame 80: 10
Number of Inliers with Frame 80: 2295
Number of Good Matches with Frame 80: 10
Essential Matrix Shape (3, 3)
Essential Matrix 
 [[-1.58296895e-05  1.78599690e-03 -2.03739736e-01]
 [-5.90391626e-03  7.97008715e-03 -6.77046334e-01]
 [ 6.67843403e-01 -2.32201816e-01 -8.01994087e-03]] 
Rotation Matrix Shape (3, 3)
Rotation Matrix 
 [[-0.04239705 -0.99906248 -0.00875456]
 [ 0.99906181 -0.04231632 -0.00921007]
 [ 0.00883097 -0.00913682  0.99991926]] 
Translation Matrix Shape (3, 1)
Translation Matrix 
 [[ 0.95758752]
 [-0.28813151]
 [-0.00252446]]
------------------Frame 80------------------
Number of Matches with Frame 81: 14
Number of Inliers with Frame 81: 3315
Number of Good Matches with Frame 81: 14
Essential Matrix Shape (3, 3)
Essential Matrix 
 [[-2.64378877e-05  4.35204966e-03 -5.80232924e-01]
 [-4.33963303e-03  3.49056999e-05  4.04117678e-01]
 [ 5.78313873e-01 -4.06858629e-01 -3.26638228e-05]] 
Rotation Matrix Shape (3, 3)
Rotation Matrix 
 [[ 9.99988799e-01 -4.73228880e-03 -8.10583912e-05]
 [ 4.73228593e-03  9.99988802e-01 -3.55562885e-05]
 [ 8.12257462e-05  3.51722988e-05  9.99999996e-01]] 
Translation Matrix Shape (3, 1)
Translation Matrix 
 [[0.5715082 ]
 [0.82057305]
 [0.00618366]]
------------------Frame 81------------------
Number of Matches with Frame 82: 12
Number of Inliers with Frame 82: 3060
Number of Good Matches with Frame 82: 12
Essential Matrix Shape (3, 3)
Essential Matrix 
 [[ 2.38675226e-05 -8.78094129e-04  8.04815187e-03]
 [ 9.18628295e-04  1.14164028e-05 -7.07060382e-01]
 [-2.76230752e-02  7.06566482e-01 -1.44796366e-05]] 
Rotation Matrix Shape (3, 3)
Rotation Matrix 
 [[ 9.99616575e-01  2.76893268e-02  5.65923792e-05]
 [-2.76893257e-02  9.99616577e-01 -1.98344765e-05]
 [-5.71198837e-05  1.82598667e-05  9.99999998e-01]] 
Translation Matrix Shape (3, 1)
Translation Matrix 
 [[-0.99993445]
 [-0.01138178]
 [-0.0012425 ]]
------------------Frame 82------------------
Number of Matches with Frame 83: 10
Number of Inliers with Frame 83: 1530
Number of Good Matches with Frame 83: 10
Essential Matrix Shape (3, 3)
Essential Matrix 
 [[ 2.94349579e-05  4.60412801e-03 -5.06650884e-01]
 [-4.64805427e-03  8.69096380e-05  4.93238021e-01]
 [ 5.02715700e-01 -4.97247674e-01  4.28332804e-05]] 
Rotation Matrix Shape (3, 3)
Rotation Matrix 
 [[ 9.99968439e-01 -7.94489860e-03 -1.41030077e-05]
 [ 7.94489713e-03  9.99968434e-01 -1.01327512e-04]
 [ 1.49075993e-05  1.01212267e-04  9.99999995e-01]] 
Translation Matrix Shape (3, 1)
Translation Matrix 
 [[-0.69754381]
 [-0.71651189]
 [-0.00658395]]
------------------Frame 83------------------
Number of Matches with Frame 84: 13
Number of Inliers with Frame 84: 3060
Number of Good Matches with Frame 84: 13
Essential Matrix Shape (3, 3)
Essential Matrix 
 [[-3.01733559e-05 -2.71018560e-03  2.44919277e-01]
 [ 2.55663584e-03 -7.58789282e-05 -6.63330983e-01]
 [-2.23841227e-01  6.70736736e-01  6.03891664e-05]] 
Rotation Matrix Shape (3, 3)
Rotation Matrix 
 [[ 9.99500828e-01 -3.15918260e-02 -2.26447743e-04]
 [ 3.15918284e-02  9.99500854e-01  7.42879119e-06]
 [ 2.26100023e-04 -1.45789812e-05  9.99999974e-01]] 
Translation Matrix Shape (3, 1)
Translation Matrix 
 [[0.93809083]
 [0.3463682 ]
 [0.00382964]]
------------------Frame 84------------------
Number of Matches with Frame 85: 17
Number of Inliers with Frame 85: 3315
Number of Good Matches with Frame 85: 17
Essential Matrix Shape (3, 3)
Essential Matrix 
 [[ 2.08820712e-05  3.64688366e-03 -4.94819479e-01]
 [-3.56880446e-03  1.82492531e-04  5.05115080e-01]
 [ 4.75443807e-01 -5.23392349e-01 -6.85360503e-05]] 
Rotation Matrix Shape (3, 3)
Rotation Matrix 
 [[ 9.99290460e-01 -3.76632725e-02 -2.35411748e-04]
 [ 3.76632511e-02  9.99290484e-01 -9.49293982e-05]
 [ 2.38820072e-04  8.59956702e-05  9.99999968e-01]] 
Translation Matrix Shape (3, 1)
Translation Matrix 
 [[-0.71433939]
 [-0.69977995]
 [-0.00522136]]
------------------Frame 85------------------
Number of Matches with Frame 86: 15
Number of Inliers with Frame 86: 3570
Number of Good Matches with Frame 86: 15
Essential Matrix Shape (3, 3)
Essential Matrix 
 [[-5.30264091e-05 -2.57100422e-03  2.35999891e-01]
 [ 2.42751734e-03 -1.29761694e-04 -6.66556969e-01]
 [-2.08241547e-01  6.75743142e-01  2.40147719e-05]] 
Rotation Matrix Shape (3, 3)
Rotation Matrix 
 [[ 9.99145047e-01 -4.13415490e-02 -2.25882404e-04]
 [ 4.13415401e-02  9.99145072e-01 -4.39474086e-05]
 [ 2.27506145e-04  3.45715092e-05  9.99999974e-01]] 
Translation Matrix Shape (3, 1)
Translation Matrix 
 [[0.94265311]
 [0.3337541 ]
 [0.00365061]]
------------------Frame 86------------------
Number of Matches with Frame 87: 16
Number of Inliers with Frame 87: 2550
Number of Good Matches with Frame 87: 16
Essential Matrix Shape (3, 3)
Essential Matrix 
 [[-2.09686171e-05  4.96065742e-03 -6.02539266e-01]
 [-4.93793576e-03  6.86018327e-05  3.70030108e-01]
 [ 5.98479410e-01 -3.76560152e-01 -6.00156295e-05]] 
Rotation Matrix Shape (3, 3)
Rotation Matrix 
 [[ 9.99940859e-01 -1.08748840e-02 -1.24330405e-04]
 [ 1.08748790e-02  9.99940866e-01 -4.02624584e-05]
 [ 1.24760902e-04  3.89079991e-05  9.99999991e-01]] 
Translation Matrix Shape (3, 1)
Translation Matrix 
 [[0.52330072]
 [0.85211893]
 [0.007049  ]]
------------------Frame 87------------------
Number of Matches with Frame 88: 14
Number of Inliers with Frame 88: 3570
Number of Good Matches with Frame 88: 14
Essential Matrix Shape (3, 3)
Essential Matrix 
 [[-4.72978696e-04  4.15069147e-04 -1.41245852e-01]
 [-2.86999963e-03  1.59198210e-03 -6.92848080e-01]
 [ 5.50142182e-01  4.44231975e-01 -1.22935484e-03]] 
Rotation Matrix Shape (3, 3)
Rotation Matrix 
 [[ 7.70979506e-01 -6.36844385e-01 -4.45316677e-03]
 [ 6.36847485e-01  7.70989319e-01 -8.66497095e-04]
 [ 3.98516783e-03 -2.16793656e-03  9.99989709e-01]] 
Translation Matrix Shape (3, 1)
Translation Matrix 
 [[ 9.79846124e-01]
 [-1.99753683e-01]
 [-1.99669569e-04]]
------------------Frame 88------------------
Number of Matches with Frame 89: 17
Number of Inliers with Frame 89: 3060
Number of Good Matches with Frame 89: 17
Essential Matrix Shape (3, 3)
Essential Matrix 
 [[-2.09430827e-05  5.90038961e-03 -6.37368717e-01]
 [-5.83102207e-03  9.72876827e-05  3.06148653e-01]
 [ 6.31961909e-01 -3.17158360e-01 -1.27180427e-04]] 
Rotation Matrix Shape (3, 3)
Rotation Matrix 
 [[ 9.99849498e-01 -1.73477434e-02 -1.93449055e-04]
 [ 1.73477462e-02  9.99849516e-01  1.26802727e-05]
 [ 1.93199970e-04 -1.60342694e-05  9.99999981e-01]] 
Translation Matrix Shape (3, 1)
Translation Matrix 
 [[-0.43295797]
 [-0.90137561]
 [-0.00833121]]
------------------Frame 89------------------
Number of Matches with Frame 90: 10
Number of Inliers with Frame 90: 2550
Number of Good Matches with Frame 90: 10
Essential Matrix Shape (3, 3)
Essential Matrix 
 [[ 1.86910358e-04  9.10715297e-03 -5.92087240e-01]
 [-9.60138868e-03  3.34802789e-04 -3.86452832e-01]
 [ 6.12434824e-01  3.53319916e-01 -5.07691303e-04]] 
Rotation Matrix Shape (3, 3)
Rotation Matrix 
 [[ 9.98487250e-01 -5.49811772e-02 -5.30486659e-04]
 [ 5.49809127e-02  9.98487280e-01 -5.00958383e-04]
 [ 5.57227462e-04  4.71033918e-04  9.99999734e-01]] 
Translation Matrix Shape (3, 1)
Translation Matrix 
 [[ 0.54653403]
 [-0.83733137]
 [-0.01329398]]
------------------Frame 90------------------
Number of Matches with Frame 91: 10
Number of Inliers with Frame 91: 2295
Number of Good Matches with Frame 91: 10
Essential Matrix Shape (3, 3)
Essential Matrix 
 [[-7.62578892e-05  5.84835573e-03 -6.84018091e-01]
 [-5.75784329e-03  2.29450118e-05  1.79123953e-01]
 [ 6.82803761e-01 -1.83699496e-01 -1.31032726e-04]] 
Rotation Matrix Shape (3, 3)
Rotation Matrix 
 [[ 9.99977564e-01 -6.69650392e-03 -1.68737811e-04]
 [ 6.69651869e-03  9.99977574e-01  8.71631503e-05]
 [ 1.68150338e-04 -8.82911506e-05  9.99999982e-01]] 
Translation Matrix Shape (3, 1)
Translation Matrix 
 [[0.25331815]
 [0.96734839]
 [0.0081856 ]]
------------------Frame 91------------------
Number of Matches with Frame 92: 16
Number of Inliers with Frame 92: 3060
Number of Good Matches with Frame 92: 16
Essential Matrix Shape (3, 3)
Essential Matrix 
 [[-8.50698474e-06  3.67443443e-03 -6.00778657e-01]
 [-3.70970447e-03  9.72954042e-05  3.72896470e-01]
